 v-sweep         vsg             id_abs          id_w            gm_id           gm_gds          vov             gm_cgg         
 1.80000000e+00  1.28244138e-06  2.39038468e-09  2.39038468e+03  2.18570811e+01  2.57147833e+01 -2.94230625e-01  6.87933275e+07 
 1.79000000e+00 -9.99840552e-03  2.97199833e-09  2.97199833e+03  2.16985014e+01  2.55358335e+01 -3.04230396e-01  8.50183358e+07 
 1.78000000e+00 -1.99980208e-02  3.68900631e-09  3.68900631e+03  2.15258345e+01  2.53419395e+01 -3.14230113e-01  1.04787085e+08 
 1.77000000e+00 -2.99975478e-02  4.57075076e-09  4.57075076e+03  2.13384457e+01  2.51326654e+01 -3.24229765e-01  1.28776724e+08 
 1.76000000e+00 -3.99969676e-02  5.65220160e-09  5.65220160e+03  2.11358013e+01  2.49077409e+01 -3.34229339e-01  1.57762697e+08 
 1.75000000e+00 -4.99962580e-02  6.97480845e-09  6.97480845e+03  2.09174966e+01  2.46670966e+01 -3.44228817e-01  1.92623739e+08 
 1.74000000e+00 -5.99953929e-02  8.58741746e-09  8.58741746e+03  2.06832838e+01  2.44108996e+01 -3.54228181e-01  2.34344360e+08 
 1.73000000e+00 -6.99943414e-02  1.05472419e-08  1.05472419e+04  2.04331002e+01  2.41395866e+01 -3.64227408e-01  2.84014111e+08 
 1.72000000e+00 -7.99930680e-02  1.29208713e-08  1.29208713e+04  2.01670922e+01  2.38538919e+01 -3.74226471e-01  3.42822938e+08 
 1.71000000e+00 -8.99915312e-02  1.57853008e-08  1.57853008e+04  1.98856360e+01  2.35548678e+01 -3.84225341e-01  4.12052082e+08 
 1.70000000e+00 -9.99896837e-02  1.92289609e-08  1.92289609e+04  1.95893497e+01  2.32438948e+01 -3.94223983e-01  4.93060185e+08 
 1.69000000e+00 -1.09987471e-01  2.33527247e-08  2.33527247e+04  1.92790983e+01  2.29226785e+01 -4.04222356e-01  5.87264544e+08 
 1.68000000e+00 -1.19984833e-01  2.82708732e-08  2.82708732e+04  1.89559866e+01  2.25932319e+01 -4.14220416e-01  6.96117769e+08 
 1.67000000e+00 -1.29981699e-01  3.41120003e-08  3.41120003e+04  1.86213406e+01  2.22578414e+01 -4.24218112e-01  8.21080429e+08 
 1.66000000e+00 -1.39977993e-01  4.10198414e-08  4.10198414e+04  1.82766770e+01  2.19190158e+01 -4.34215386e-01  9.63590501e+08 
 1.65000000e+00 -1.49973629e-01  4.91540159e-08  4.91540159e+04  1.79236608e+01  2.15794206e+01 -4.44212178e-01  1.12503062e+09 
 1.64000000e+00 -1.59968512e-01  5.86906760e-08  5.86906760e+04  1.75640531e+01  2.12417991e+01 -4.54208415e-01  1.30669409e+09 
 1.63000000e+00 -1.69962540e-01  6.98230563e-08  6.98230563e+04  1.71996519e+01  2.09088849e+01 -4.64204024e-01  1.50975059e+09 
 1.62000000e+00 -1.79955598e-01  8.27619170e-08  8.27619170e+04  1.68322301e+01  2.05833095e+01 -4.74198920e-01  1.73521212e+09 
 1.61000000e+00 -1.89947565e-01  9.77358717e-08  9.77358717e+04  1.64634737e+01  2.02675117e+01 -4.84193012e-01  1.98389959e+09 
 1.60000000e+00 -1.99938307e-01  1.14991579e-07  1.14991579e+05  1.60949266e+01  1.99636536e+01 -4.94186205e-01  2.25641031e+09 
 1.59000000e+00 -2.09927683e-01  1.34793766e-07  1.34793766e+05  1.57279446e+01  1.96735483e+01 -5.04178393e-01  2.55308640e+09 
 1.58000000e+00 -2.19915541e-01  1.57425054e-07  1.57425054e+05  1.53636626e+01  1.93986048e+01 -5.14169465e-01  2.87398458e+09 
 1.57000000e+00 -2.29901721e-01  1.83185513e-07  1.83185513e+05  1.50029773e+01  1.91397912e+01 -5.24159303e-01  3.21884822e+09 
 1.56000000e+00 -2.39886052e-01  2.12391911e-07  2.12391911e+05  1.46465461e+01  1.88976206e+01 -5.34147781e-01  3.58708295e+09 
 1.55000000e+00 -2.49868355e-01  2.45376581e-07  2.45376581e+05  1.42948014e+01  1.86721568e+01 -5.44134769e-01  3.97773823e+09 
 1.54000000e+00 -2.59848446e-01  2.82485869e-07  2.82485869e+05  1.39479781e+01  1.84630421e+01 -5.54120129e-01  4.38949747e+09 
 1.53000000e+00 -2.69826132e-01  3.24078124e-07  3.24078124e+05  1.36061520e+01  1.82695406e+01 -5.64103721e-01  4.82067978e+09 
 1.52000000e+00 -2.79801215e-01  3.70521220e-07  3.70521220e+05  1.32692837e+01  1.80905976e+01 -5.74085399e-01  5.26925632e+09 
 1.51000000e+00 -2.89773495e-01  4.22189648e-07  4.22189648e+05  1.29372652e+01  1.79249075e+01 -5.84065015e-01  5.73288307e+09 
 1.50000000e+00 -2.99742769e-01  4.79461226e-07  4.79461226e+05  1.26099641e+01  1.77709881e+01 -5.94042421e-01  6.20895110e+09 
 1.49000000e+00 -3.09708834e-01  5.42713535e-07  5.42713535e+05  1.22872626e+01  1.76272553e+01 -6.04017467e-01  6.69465336e+09 
 1.48000000e+00 -3.19671490e-01  6.12320193e-07  6.12320193e+05  1.19690888e+01  1.74920943e+01 -6.13990006e-01  7.18706543e+09 
 1.47000000e+00 -3.29630541e-01  6.88647128e-07  6.88647128e+05  1.16554375e+01  1.73639247e+01 -6.23959894e-01  7.68323582e+09 
 1.46000000e+00 -3.39585796e-01  7.72048982e-07  7.72048982e+05  1.13463822e+01  1.72412555e+01 -6.33926990e-01  8.18028039e+09 
 1.45000000e+00 -3.49537072e-01  8.62865822e-07  8.62865822e+05  1.10420767e+01  1.71227283e+01 -6.43891160e-01  8.67547455e+09 
 1.44000000e+00 -3.59484198e-01  9.61420264e-07  9.61420264e+05  1.07427493e+01  1.70071490e+01 -6.53852277e-01  9.16633722e+09 
 1.43000000e+00 -3.69427010e-01  1.06801513e-06  1.06801513e+06  1.04486899e+01  1.68935063e+01 -6.63810222e-01  9.65070127e+09 
 1.42000000e+00 -3.79365357e-01  1.18293170e-06  1.18293170e+06  1.01602336e+01  1.67809798e+01 -6.73764883e-01  1.01267663e+10 
 1.41000000e+00 -3.89299101e-01  1.30642859e-06  1.30642859e+06  9.87774197e+00  1.66689366e+01 -6.83716157e-01  1.05931318e+10 
 1.40000000e+00 -3.99228115e-01  1.43874130e-06  1.43874130e+06  9.60158350e+00  1.65569217e+01 -6.93663953e-01  1.10488101e+10 
 1.39000000e+00 -4.09152286e-01  1.58008226e-06  1.58008226e+06  9.33211617e+00  1.64446402e+01 -7.03608186e-01  1.14932201e+10 
 1.38000000e+00 -4.19071511e-01  1.73064147e-06  1.73064147e+06  9.06967164e+00  1.63319372e+01 -7.13548780e-01  1.19261644e+10 
 1.37000000e+00 -4.28985700e-01  1.89058760e-06  1.89058760e+06  8.81454277e+00  1.62187743e+01 -7.23485670e-01  1.23477938e+10 
 1.36000000e+00 -4.38894773e-01  2.06006937e-06  2.06006937e+06  8.56697439e+00  1.61052062e+01 -7.33418796e-01  1.27585618e+10 
 1.35000000e+00 -4.48798660e-01  2.23921723e-06  2.23921723e+06  8.32715728e+00  1.59913575e+01 -7.43348106e-01  1.31591739e+10 
 1.34000000e+00 -4.58697300e-01  2.42814518e-06  2.42814518e+06  8.09522525e+00  1.58774019e+01 -7.53273555e-01  1.35505345e+10 
 1.33000000e+00 -4.68590640e-01  2.62695269e-06  2.62695269e+06  7.87125486e+00  1.57635429e+01 -7.63195105e-01  1.39336952e+10 
 1.32000000e+00 -4.78478633e-01  2.83572659e-06  2.83572659e+06  7.65526722e+00  1.56499978e+01 -7.73112719e-01  1.43098058e+10 
 1.31000000e+00 -4.88361238e-01  3.05454290e-06  3.05454290e+06  7.44723146e+00  1.55369844e+01 -7.83026369e-01  1.46800704e+10 
 1.30000000e+00 -4.98238419e-01  3.28346859e-06  3.28346859e+06  7.24706943e+00  1.54247100e+01 -7.92936026e-01  1.50457091e+10 
 1.29000000e+00 -5.08110145e-01  3.52256317e-06  3.52256317e+06  7.05466102e+00  1.53133639e+01 -8.02841669e-01  1.54079261e+10 
 1.28000000e+00 -5.17976386e-01  3.77188013e-06  3.77188013e+06  6.86984991e+00  1.52031110e+01 -8.12743274e-01  1.57678840e+10 
 1.27000000e+00 -5.27837117e-01  4.03146818e-06  4.03146818e+06  6.69244942e+00  1.50940888e+01 -8.22640822e-01  1.61266840e+10 
 1.26000000e+00 -5.37692314e-01  4.30137232e-06  4.30137232e+06  6.52224810e+00  1.49864045e+01 -8.32534295e-01  1.64853513e+10 
 1.25000000e+00 -5.47541953e-01  4.58163479e-06  4.58163479e+06  6.35901513e+00  1.48801351e+01 -8.42423677e-01  1.68448252e+10 
 1.24000000e+00 -5.57386013e-01  4.87229579e-06  4.87229579e+06  6.20250518e+00  1.47753271e+01 -8.52308951e-01  1.72059537e+10 
 1.23000000e+00 -5.67224474e-01  5.17339403e-06  5.17339403e+06  6.05246283e+00  1.46719980e+01 -8.62190101e-01  1.75694905e+10 
 1.22000000e+00 -5.77057315e-01  5.48496721e-06  5.48496721e+06  5.90862648e+00  1.45701379e+01 -8.72067112e-01  1.79360955e+10 
 1.21000000e+00 -5.86884516e-01  5.80705233e-06  5.80705233e+06  5.77073168e+00  1.44697116e+01 -8.81939968e-01  1.83063366e+10 
 1.20000000e+00 -5.96706059e-01  6.13968587e-06  6.13968587e+06  5.63851405e+00  1.43706611e+01 -8.91808656e-01  1.86806933e+10 
 1.19000000e+00 -6.06521922e-01  6.48290393e-06  6.48290393e+06  5.51171160e+00  1.42729080e+01 -9.01673159e-01  1.90595614e+10 
 1.18000000e+00 -6.16332088e-01  6.83674223e-06  6.83674223e+06  5.39006676e+00  1.41763558e+01 -9.11533465e-01  1.94432580e+10 
 1.17000000e+00 -6.26136537e-01  7.20123607e-06  7.20123607e+06  5.27332789e+00  1.40808926e+01 -9.21389557e-01  1.98320277e+10 
 1.16000000e+00 -6.35935251e-01  7.57642023e-06  7.57642023e+06  5.16125055e+00  1.39863934e+01 -9.31241423e-01  2.02260475e+10 
 1.15000000e+00 -6.45728211e-01  7.96232882e-06  7.96232882e+06  5.05359837e+00  1.38927223e+01 -9.41089047e-01  2.06254332e+10 
 1.14000000e+00 -6.55515399e-01  8.35899510e-06  8.35899510e+06  4.95014377e+00  1.37997344e+01 -9.50932416e-01  2.10302447e+10 
 1.13000000e+00 -6.65296799e-01  8.76645127e-06  8.76645127e+06  4.85066839e+00  1.37072781e+01 -9.60771518e-01  2.14404915e+10 
 1.12000000e+00 -6.75072393e-01  9.18472820e-06  9.18472820e+06  4.75496333e+00  1.36151964e+01 -9.70606338e-01  2.18561374e+10 
 1.11000000e+00 -6.84842167e-01  9.61385524e-06  9.61385524e+06  4.66282929e+00  1.35233287e+01 -9.80436865e-01  2.22771054e+10 
 1.10000000e+00 -6.94606104e-01  1.00538599e-05  1.00538599e+07  4.57407655e+00  1.34315125e+01 -9.90263088e-01  2.27032818e+10 
 1.09000000e+00 -7.04364192e-01  1.05047676e-05  1.05047676e+07  4.48852487e+00  1.33395843e+01 -1.00008499e+00  2.31345206e+10 
 1.08000000e+00 -7.14116418e-01  1.09666015e-05  1.09666015e+07  4.40600329e+00  1.32473808e+01 -1.00990258e+00  2.35706462e+10 
 1.07000000e+00 -7.23862772e-01  1.14393820e-05  1.14393820e+07  4.32634987e+00  1.31547403e+01 -1.01971582e+00  2.40114575e+10 
 1.06000000e+00 -7.33603243e-01  1.19231266e-05  1.19231266e+07  4.24941145e+00  1.30615034e+01 -1.02952473e+00  2.44567305e+10 
 1.05000000e+00 -7.43337824e-01  1.24178499e-05  1.24178499e+07  4.17504325e+00  1.29675140e+01 -1.03932929e+00  2.49062205e+10 
 1.04000000e+00 -7.53066509e-01  1.29235629e-05  1.29235629e+07  4.10310858e+00  1.28726197e+01 -1.04912949e+00  2.53596651e+10 
 1.03000000e+00 -7.62789294e-01  1.34402728e-05  1.34402728e+07  4.03347847e+00  1.27766733e+01 -1.05892534e+00  2.58167857e+10 
 1.02000000e+00 -7.72506177e-01  1.39679833e-05  1.39679833e+07  3.96603128e+00  1.26795327e+01 -1.06871683e+00  2.62772898e+10 
 1.01000000e+00 -7.82217159e-01  1.45066937e-05  1.45066937e+07  3.90065235e+00  1.25810617e+01 -1.07850396e+00  2.67408722e+10 
 1.00000000e+00 -7.91922242e-01  1.50563990e-05  1.50563990e+07  3.83723365e+00  1.24811311e+01 -1.08828673e+00  2.72072167e+10 
 9.90000000e-01 -8.01621431e-01  1.56170896e-05  1.56170896e+07  3.77567338e+00  1.23796183e+01 -1.09806515e+00  2.76759974e+10 
 9.80000000e-01 -8.11314735e-01  1.61887513e-05  1.61887513e+07  3.71587567e+00  1.22764088e+01 -1.10783922e+00  2.81468796e+10 
 9.70000000e-01 -8.21002163e-01  1.67713648e-05  1.67713648e+07  3.65775022e+00  1.21713957e+01 -1.11760894e+00  2.86195213e+10 
 9.60000000e-01 -8.30683728e-01  1.73649057e-05  1.73649057e+07  3.60121199e+00  1.20644808e+01 -1.12737432e+00  2.90935732e+10 
 9.50000000e-01 -8.40359447e-01  1.79693443e-05  1.79693443e+07  3.54618089e+00  1.19555750e+01 -1.13713539e+00  2.95686807e+10 
 9.40000000e-01 -8.50029338e-01  1.85846454e-05  1.85846454e+07  3.49258145e+00  1.18445981e+01 -1.14689214e+00  3.00444834e+10 
 9.30000000e-01 -8.59693423e-01  1.92107682e-05  1.92107682e+07  3.44034262e+00  1.17314800e+01 -1.15664459e+00  3.05206166e+10 
 9.20000000e-01 -8.69351727e-01  1.98476662e-05  1.98476662e+07  3.38939742e+00  1.16161602e+01 -1.16639277e+00  3.09967116e+10 
 9.10000000e-01 -8.79004279e-01  2.04952867e-05  2.04952867e+07  3.33968276e+00  1.14985887e+01 -1.17613669e+00  3.14723961e+10 
 9.00000000e-01 -8.88651109e-01  2.11535712e-05  2.11535712e+07  3.29113915e+00  1.13787263e+01 -1.18587637e+00  3.19472949e+10 
 8.90000000e-01 -8.98292253e-01  2.18224550e-05  2.18224550e+07  3.24371053e+00  1.12565441e+01 -1.19561184e+00  3.24210302e+10 
 8.80000000e-01 -9.07927748e-01  2.25018672e-05  2.25018672e+07  3.19734402e+00  1.11320246e+01 -1.20534313e+00  3.28932221e+10 
 8.70000000e-01 -9.17557637e-01  2.31917303e-05  2.31917303e+07  3.15198974e+00  1.10051615e+01 -1.21507026e+00  3.33634889e+10 
 8.60000000e-01 -9.27181963e-01  2.38919605e-05  2.38919605e+07  3.10760063e+00  1.08759595e+01 -1.22479327e+00  3.38314475e+10 
 8.50000000e-01 -9.36800776e-01  2.46024676e-05  2.46024676e+07  3.06413230e+00  1.07444351e+01 -1.23451219e+00  3.42967142e+10 
 8.40000000e-01 -9.46414128e-01  2.53231544e-05  2.53231544e+07  3.02154280e+00  1.06106159e+01 -1.24422706e+00  3.47589041e+10 
 8.30000000e-01 -9.56022073e-01  2.60539175e-05  2.60539175e+07  2.97979257e+00  1.04745409e+01 -1.25393791e+00  3.52176326e+10 
 8.20000000e-01 -9.65624672e-01  2.67946464e-05  2.67946464e+07  2.93884420e+00  1.03362604e+01 -1.26364480e+00  3.56725147e+10 
 8.10000000e-01 -9.75221987e-01  2.75452240e-05  2.75452240e+07  2.89866239e+00  1.01958359e+01 -1.27334777e+00  3.61231661e+10 
 8.00000000e-01 -9.84814085e-01  2.83055264e-05  2.83055264e+07  2.85921376e+00  1.00533395e+01 -1.28304687e+00  3.65692034e+10 
 7.90000000e-01 -9.94401036e-01  2.90754228e-05  2.90754228e+07  2.82046677e+00  9.90885437e+00 -1.29274214e+00  3.70102440e+10 
 7.80000000e-01 -1.00398291e+00  2.98547757e-05  2.98547757e+07  2.78239158e+00  9.76247349e+00 -1.30243364e+00  3.74459071e+10 
 7.70000000e-01 -1.01355979e+00  3.06434407e-05  3.06434407e+07  2.74496002e+00  9.61429990e+00 -1.31212142e+00  3.78758136e+10 
 7.60000000e-01 -1.02313176e+00  3.14412664e-05  3.14412664e+07  2.70814542e+00  9.46444596e+00 -1.32180555e+00  3.82995867e+10 
 7.50000000e-01 -1.03269890e+00  3.22480948e-05  3.22480948e+07  2.67192255e+00  9.31303282e+00 -1.33148609e+00  3.87168523e+10 
 7.40000000e-01 -1.04226129e+00  3.30637611e-05  3.30637611e+07  2.63626758e+00  9.16018986e+00 -1.34116310e+00  3.91272392e+10 
 7.30000000e-01 -1.05181904e+00  3.38880936e-05  3.38880936e+07  2.60115794e+00  9.00605399e+00 -1.35083664e+00  3.95303797e+10 
 7.20000000e-01 -1.06137223e+00  3.47209139e-05  3.47209139e+07  2.56657228e+00  8.85076896e+00 -1.36050679e+00  3.99259098e+10 
 7.10000000e-01 -1.07092097e+00  3.55620372e-05  3.55620372e+07  2.53249042e+00  8.69448457e+00 -1.37017363e+00  4.03134700e+10 
 7.00000000e-01 -1.08046535e+00  3.64112717e-05  3.64112717e+07  2.49889325e+00  8.53735592e+00 -1.37983722e+00  4.06927050e+10 
 6.90000000e-01 -1.09000549e+00  3.72684196e-05  3.72684196e+07  2.46576270e+00  8.37954248e+00 -1.38949764e+00  4.10632650e+10 
 6.80000000e-01 -1.09954150e+00  3.81332763e-05  3.81332763e+07  2.43308168e+00  8.22120731e+00 -1.39915497e+00  4.14248054e+10 
 6.70000000e-01 -1.10907348e+00  3.90056310e-05  3.90056310e+07  2.40083403e+00  8.06251615e+00 -1.40880930e+00  4.17769877e+10 
 6.60000000e-01 -1.11860155e+00  3.98852667e-05  3.98852667e+07  2.36900447e+00  7.90363648e+00 -1.41846070e+00  4.21194797e+10 
 6.50000000e-01 -1.12812584e+00  4.07719605e-05  4.07719605e+07  2.33757853e+00  7.74473669e+00 -1.42810928e+00  4.24519559e+10 
 6.40000000e-01 -1.13764647e+00  4.16654832e-05  4.16654832e+07  2.30654256e+00  7.58598514e+00 -1.43775511e+00  4.27740980e+10 
 6.30000000e-01 -1.14716356e+00  4.25656002e-05  4.25656002e+07  2.27588365e+00  7.42754927e+00 -1.44739830e+00  4.30855956e+10 
 6.20000000e-01 -1.15667723e+00  4.34720710e-05  4.34720710e+07  2.24558961e+00  7.26959477e+00 -1.45703893e+00  4.33861462e+10 
 6.10000000e-01 -1.16618764e+00  4.43846498e-05  4.43846498e+07  2.21564892e+00  7.11228476e+00 -1.46667710e+00  4.36754556e+10 
 6.00000000e-01 -1.17569489e+00  4.53030852e-05  4.53030852e+07  2.18605070e+00  6.95577896e+00 -1.47631291e+00  4.39532389e+10 
 5.90000000e-01 -1.18519915e+00  4.62271212e-05  4.62271212e+07  2.15678470e+00  6.80023298e+00 -1.48594646e+00  4.42192202e+10 
 5.80000000e-01 -1.19470054e+00  4.71564963e-05  4.71564963e+07  2.12784124e+00  6.64579759e+00 -1.49557786e+00  4.44731334e+10 
 5.70000000e-01 -1.20419921e+00  4.80909449e-05  4.80909449e+07  2.09921119e+00  6.49261811e+00 -1.50520720e+00  4.47147226e+10 
 5.60000000e-01 -1.21369530e+00  4.90301965e-05  4.90301965e+07  2.07088595e+00  6.34083381e+00 -1.51483460e+00  4.49437421e+10 
 5.50000000e-01 -1.22318896e+00  4.99739764e-05  4.99739764e+07  2.04285742e+00  6.19057741e+00 -1.52446017e+00  4.51599572e+10 
 5.40000000e-01 -1.23268034e+00  5.09220060e-05  5.09220060e+07  2.01511799e+00  6.04197459e+00 -1.53408401e+00  4.53631441e+10 
 5.30000000e-01 -1.24216960e+00  5.18740029e-05  5.18740029e+07  1.98766046e+00  5.89514366e+00 -1.54370623e+00  4.55530908e+10 
 5.20000000e-01 -1.25165688e+00  5.28296812e-05  5.28296812e+07  1.96047810e+00  5.75019519e+00 -1.55332696e+00  4.57295965e+10 
 5.10000000e-01 -1.26114233e+00  5.37887515e-05  5.37887515e+07  1.93356457e+00  5.60723181e+00 -1.56294629e+00  4.58924729e+10 
 5.00000000e-01 -1.27062613e+00  5.47509218e-05  5.47509218e+07  1.90691391e+00  5.46634799e+00 -1.57256436e+00  4.60415435e+10 
 4.90000000e-01 -1.28010842e+00  5.57158970e-05  5.57158970e+07  1.88052053e+00  5.32762996e+00 -1.58218127e+00  4.61766444e+10 
 4.80000000e-01 -1.28958937e+00  5.66833796e-05  5.66833796e+07  1.85437918e+00  5.19115561e+00 -1.59179715e+00  4.62976244e+10 
 4.70000000e-01 -1.29906913e+00  5.76530703e-05  5.76530703e+07  1.82848495e+00  5.05699456e+00 -1.60141210e+00  4.64043450e+10 
 4.60000000e-01 -1.30854787e+00  5.86246674e-05  5.86246674e+07  1.80283322e+00  4.92520816e+00 -1.61102626e+00  4.64966804e+10 
 4.50000000e-01 -1.31802574e+00  5.95978680e-05  5.95978680e+07  1.77741968e+00  4.79584965e+00 -1.62063974e+00  4.65745182e+10 
 4.40000000e-01 -1.32750292e+00  6.05723676e-05  6.05723676e+07  1.75224028e+00  4.66896431e+00 -1.63025266e+00  4.66377587e+10 
 4.30000000e-01 -1.33697957e+00  6.15478609e-05  6.15478609e+07  1.72729124e+00  4.54458967e+00 -1.63986515e+00  4.66863157e+10 
 4.20000000e-01 -1.34645585e+00  6.25240419e-05  6.25240419e+07  1.70256902e+00  4.42275574e+00 -1.64947732e+00  4.67201157e+10 
 4.10000000e-01 -1.35593193e+00  6.35006041e-05  6.35006041e+07  1.67807031e+00  4.30348529e+00 -1.65908930e+00  4.67390987e+10 
 4.00000000e-01 -1.36540796e+00  6.44772407e-05  6.44772407e+07  1.65379200e+00  4.18679417e+00 -1.66870120e+00  4.67432176e+10 
 3.90000000e-01 -1.37488412e+00  6.54536455e-05  6.54536455e+07  1.62973121e+00  4.07269165e+00 -1.67831316e+00  4.67324384e+10 
 3.80000000e-01 -1.38436057e+00  6.64295124e-05  6.64295124e+07  1.60588523e+00  3.96118074e+00 -1.68792529e+00  4.67067399e+10 
 3.70000000e-01 -1.39383747e+00  6.74045363e-05  6.74045363e+07  1.58225152e+00  3.85225854e+00 -1.69753771e+00  4.66661139e+10 
 3.60000000e-01 -1.40331498e+00  6.83784130e-05  6.83784130e+07  1.55882771e+00  3.74591668e+00 -1.70715055e+00  4.66105647e+10 
 3.50000000e-01 -1.41279327e+00  6.93508397e-05  6.93508397e+07  1.53561160e+00  3.64214164e+00 -1.71676392e+00  4.65401092e+10 
 3.40000000e-01 -1.42227251e+00  7.03215152e-05  7.03215152e+07  1.51260110e+00  3.54091513e+00 -1.72637795e+00  4.64547767e+10 
 3.30000000e-01 -1.43175284e+00  7.12901403e-05  7.12901403e+07  1.48979427e+00  3.44221452e+00 -1.73599275e+00  4.63546086e+10 
 3.20000000e-01 -1.44123443e+00  7.22564177e-05  7.22564177e+07  1.46718930e+00  3.34601316e+00 -1.74560845e+00  4.62396582e+10 
 3.10000000e-01 -1.45071744e+00  7.32200527e-05  7.32200527e+07  1.44478446e+00  3.25228081e+00 -1.75522515e+00  4.61099906e+10 
 3.00000000e-01 -1.46020203e+00  7.41807534e-05  7.41807534e+07  1.42257817e+00  3.16098393e+00 -1.76484299e+00  4.59656825e+10 
 2.90000000e-01 -1.46968834e+00  7.51382306e-05  7.51382306e+07  1.40056890e+00  3.07208611e+00 -1.77446206e+00  4.58068219e+10 
 2.80000000e-01 -1.47917654e+00  7.60921984e-05  7.60921984e+07  1.37875523e+00  2.98554832e+00 -1.78408249e+00  4.56335078e+10 
 2.70000000e-01 -1.48866677e+00  7.70423742e-05  7.70423742e+07  1.35713582e+00  2.90132933e+00 -1.79370439e+00  4.54458501e+10 
 2.60000000e-01 -1.49815918e+00  7.79884792e-05  7.79884792e+07  1.33570941e+00  2.81938592e+00 -1.80332788e+00  4.52439696e+10 
 2.50000000e-01 -1.50765393e+00  7.89302384e-05  7.89302384e+07  1.31447478e+00  2.73967327e+00 -1.81295305e+00  4.50279973e+10 
 2.40000000e-01 -1.51715115e+00  7.98673807e-05  7.98673807e+07  1.29343080e+00  2.66214514e+00 -1.82258003e+00  4.47980748e+10 
 2.30000000e-01 -1.52665099e+00  8.07996395e-05  8.07996395e+07  1.27257638e+00  2.58675422e+00 -1.83220890e+00  4.45543535e+10 
 2.20000000e-01 -1.53615360e+00  8.17267525e-05  8.17267525e+07  1.25191049e+00  2.51345229e+00 -1.84183980e+00  4.42969953e+10 
 2.10000000e-01 -1.54565910e+00  8.26484620e-05  8.26484620e+07  1.23143214e+00  2.44219051e+00 -1.85147280e+00  4.40261717e+10 
 2.00000000e-01 -1.55516764e+00  8.35645153e-05  8.35645153e+07  1.21114038e+00  2.37291958e+00 -1.86110802e+00  4.37420642e+10 
 1.90000000e-01 -1.56467934e+00  8.44746644e-05  8.44746644e+07  1.19103430e+00  2.30558996e+00 -1.87074556e+00  4.34448641e+10 
 1.80000000e-01 -1.57419435e+00  8.53786667e-05  8.53786667e+07  1.17111302e+00  2.24015203e+00 -1.88038551e+00  4.31347725e+10 
 1.70000000e-01 -1.58371277e+00  8.62762847e-05  8.62762847e+07  1.15137570e+00  2.17655627e+00 -1.89002797e+00  4.28120003e+10 
 1.60000000e-01 -1.59323475e+00  8.71672863e-05  8.71672863e+07  1.13182153e+00  2.11475337e+00 -1.89967303e+00  4.24767686e+10 
 1.50000000e-01 -1.60276040e+00  8.80514449e-05  8.80514449e+07  1.11244969e+00  2.05469439e+00 -1.90932078e+00  4.21293082e+10 
 1.40000000e-01 -1.61228984e+00  8.89285397e-05  8.89285397e+07  1.09325944e+00  1.99633084e+00 -1.91897131e+00  4.17698602e+10 
 1.30000000e-01 -1.62182318e+00  8.97983554e-05  8.97983554e+07  1.07425000e+00  1.93961484e+00 -1.92862472e+00  4.13986764e+10 
 1.20000000e-01 -1.63136054e+00  9.06606828e-05  9.06606828e+07  1.05542066e+00  1.88449914e+00 -1.93828107e+00  4.10160186e+10 
 1.10000000e-01 -1.64090203e+00  9.15153185e-05  9.15153185e+07  1.03677068e+00  1.83093728e+00 -1.94794046e+00  4.06221600e+10 
 1.00000000e-01 -1.65044775e+00  9.23620651e-05  9.23620651e+07  1.01829937e+00  1.77888356e+00 -1.95760296e+00  4.02173844e+10 
 9.00000000e-02 -1.65999781e+00  9.32007313e-05  9.32007313e+07  1.00000604e+00  1.72829319e+00 -1.96726865e+00  3.98019873e+10 
 8.00000000e-02 -1.66955230e+00  9.40311319e-05  9.40311319e+07  9.81889991e-01  1.67912228e+00 -1.97693760e+00  3.93762755e+10 
 7.00000000e-02 -1.67911132e+00  9.48530880e-05  9.48530880e+07  9.63950564e-01  1.63132790e+00 -1.98660990e+00  3.89405678e+10 
 6.00000000e-02 -1.68867496e+00  9.56664269e-05  9.56664269e+07  9.46187093e-01  1.58486814e+00 -1.99628560e+00  3.84951949e+10 
 5.00000000e-02 -1.69824332e+00  9.64709821e-05  9.64709821e+07  9.28598922e-01  1.53970206e+00 -2.00596477e+00  3.80404996e+10 
 4.00000000e-02 -1.70781647e+00  9.72665937e-05  9.72665937e+07  9.11185402e-01  1.49578979e+00 -2.01564749e+00  3.75768371e+10 
 3.00000000e-02 -1.71739451e+00  9.80531076e-05  9.80531076e+07  8.93945887e-01  1.45309250e+00 -2.02533381e+00  3.71045744e+10 
 2.00000000e-02 -1.72697750e+00  9.88303767e-05  9.88303767e+07  8.76879737e-01  1.41157242e+00 -2.03502379e+00  3.66240909e+10 
 1.00000000e-02 -1.73656553e+00  9.95982597e-05  9.95982597e+07  8.59986317e-01  1.37119284e+00 -2.04471748e+00  3.61357776e+10 
-1.41900380e-15 -1.74615867e+00  1.00356622e-04  1.00356622e+08  8.43264993e-01  1.33191809e+00 -2.05441495e+00  3.56400371e+10 
