 v-sweep         vgs             id              id_w            gm_id           gm_gds          vov             gm_cgg         
 0.00000000e+00 -1.60911383e-10  1.04180781e-12  1.04180781e+00  2.52360461e+01  1.90231033e+01 -6.06636717e-01  8.60627620e+04 
 1.00000000e-02  9.99999980e-03  1.34086174e-12  1.34086174e+00  2.52349344e+01  1.90281840e+01 -5.96636718e-01  1.10866892e+05 
 2.00000000e-02  1.99999997e-02  1.72573953e-12  1.72573953e+00  2.52336738e+01  1.90332422e+01 -5.86636718e-01  1.42761547e+05 
 3.00000000e-02  2.99999997e-02  2.22106189e-12  2.22106189e+00  2.52322441e+01  1.90382745e+01 -5.76636718e-01  1.83753724e+05 
 4.00000000e-02  3.99999996e-02  2.85850828e-12  2.85850828e+00  2.52306229e+01  1.90432771e+01 -5.66636718e-01  2.36411766e+05 
 5.00000000e-02  4.99999994e-02  3.67883872e-12  3.67883872e+00  2.52287847e+01  1.90482457e+01 -5.56636718e-01  3.04020137e+05 
 6.00000000e-02  5.99999993e-02  4.73449361e-12  4.73449361e+00  2.52267004e+01  1.90531752e+01 -5.46636718e-01  3.90776130e+05 
 7.00000000e-02  6.99999991e-02  6.09293683e-12  6.09293683e+00  2.52243374e+01  1.90580602e+01 -5.36636718e-01  5.02039662e+05 
 8.00000000e-02  7.99999988e-02  7.84095355e-12  7.84095355e+00  2.52216586e+01  1.90628942e+01 -5.26636719e-01  6.44650185e+05 
 9.00000000e-02  8.99999984e-02  1.00901748e-11  1.00901748e+01  2.52186220e+01  1.90676701e+01 -5.16636719e-01  8.27328354e+05 
 1.00000000e-01  9.99999980e-02  1.29841777e-11  1.29841777e+01  2.52151804e+01  1.90723798e+01 -5.06636720e-01  1.06118464e+06 
 1.10000000e-01  1.09999997e-01  1.67076084e-11  1.67076084e+01  2.52112801e+01  1.90770142e+01 -4.96636720e-01  1.36036269e+06 
 1.20000000e-01  1.19999997e-01  2.14979020e-11  2.14979020e+01  2.52068606e+01  1.90815630e+01 -4.86636721e-01  1.74285238e+06 
 1.30000000e-01  1.29999996e-01  2.76603341e-11  2.76603341e+01  2.52018536e+01  1.90860145e+01 -4.76636722e-01  2.23151616e+06 
 1.40000000e-01  1.39999995e-01  3.55873463e-11  3.55873463e+01  2.51961820e+01  1.90903556e+01 -4.66636724e-01  2.85538338e+06 
 1.50000000e-01  1.49999993e-01  4.57833483e-11  4.57833483e+01  2.51897589e+01  1.90945715e+01 -4.56636726e-01  3.65128070e+06 
 1.60000000e-01  1.59999991e-01  5.88965410e-11  5.88965410e+01  2.51824863e+01  1.90986456e+01 -4.46636728e-01  4.66588367e+06 
 1.70000000e-01  1.69999988e-01  7.57597256e-11  7.57597256e+01  2.51742540e+01  1.91025592e+01 -4.36636732e-01  5.95829532e+06 
 1.80000000e-01  1.79999985e-01  9.74426146e-11  9.74426146e+01  2.51649382e+01  1.91062914e+01 -4.26636736e-01  7.60328319e+06 
 1.90000000e-01  1.89999981e-01  1.25318847e-10  1.25318847e+02  2.51543995e+01  1.91098186e+01 -4.16636741e-01  9.69533806e+06 
 2.00000000e-01  1.99999975e-01  1.61151789e-10  1.61151789e+02  2.51424821e+01  1.91131147e+01 -4.06636748e-01  1.23537564e+07 
 2.10000000e-01  2.09999968e-01  2.07204312e-10  2.07204312e+02  2.51290111e+01  1.91161504e+01 -3.96636756e-01  1.57289959e+07 
 2.20000000e-01  2.19999959e-01  2.66379126e-10  2.66379126e+02  2.51137914e+01  1.91188931e+01 -3.86636768e-01  2.00106117e+07 
 2.30000000e-01  2.29999947e-01  3.42398039e-10  3.42398039e+02  2.50966051e+01  1.91213068e+01 -3.76636782e-01  2.54371514e+07 
 2.40000000e-01  2.39999932e-01  4.40030681e-10  4.40030681e+02  2.50772102e+01  1.91233515e+01 -3.66636800e-01  3.23084703e+07 
 2.50000000e-01  2.49999913e-01  5.65386040e-10  5.65386040e+02  2.50553378e+01  1.91249834e+01 -3.56636824e-01  4.10010342e+07 
 2.60000000e-01  2.59999888e-01  7.26283578e-10  7.26283578e+02  2.50306910e+01  1.91261544e+01 -3.46636854e-01  5.19868930e+07 
 2.70000000e-01  2.69999856e-01  9.32725006e-10  9.32725006e+02  2.50029425e+01  1.91268123e+01 -3.36636893e-01  6.58571594e+07 
 2.80000000e-01  2.79999815e-01  1.19749305e-09  1.19749305e+03  2.49717332e+01  1.91269006e+01 -3.26636943e-01  8.33509910e+07 
 2.90000000e-01  2.89999763e-01  1.53691011e-09  1.53691011e+03  2.49366716e+01  1.91263589e+01 -3.16637008e-01  1.05391275e+08 
 3.00000000e-01  2.99999695e-01  1.97179760e-09  1.97179760e+03  2.48973328e+01  1.91251232e+01 -3.06637090e-01  1.33128441e+08 
 3.10000000e-01  3.09999609e-01  2.52868647e-09  2.52868647e+03  2.48532594e+01  1.91231268e+01 -2.96637195e-01  1.67994091e+08 
 3.20000000e-01  3.19999499e-01  3.24134114e-09  3.24134114e+03  2.48039627e+01  1.91203013e+01 -2.86637330e-01  2.11766416e+08 
 3.30000000e-01  3.29999359e-01  4.15267285e-09  4.15267285e+03  2.47489264e+01  1.91165784e+01 -2.76637502e-01  2.66649720e+08 
 3.40000000e-01  3.39999179e-01  5.31713533e-09  5.31713533e+03  2.46876115e+01  1.91118921e+01 -2.66637722e-01  3.35370705e+08 
 3.50000000e-01  3.49998949e-01  6.80371511e-09  6.80371511e+03  2.46194637e+01  1.91061822e+01 -2.56638003e-01  4.21294587e+08 
 3.60000000e-01  3.59998656e-01  8.69965184e-09  8.69965184e+03  2.45439242e+01  1.90993982e+01 -2.46638361e-01  5.28564549e+08 
 3.70000000e-01  3.69998283e-01  1.11150507e-08  1.11150507e+04  2.44604434e+01  1.90915049e+01 -2.36638817e-01  6.62268517e+08 
 3.80000000e-01  3.79997809e-01  1.41885801e-08  1.41885801e+04  2.43684990e+01  1.90824896e+01 -2.26639398e-01  8.28637822e+08 
 3.90000000e-01  3.89997205e-01  1.80944834e-08  1.80944834e+04  2.42676176e+01  1.90723704e+01 -2.16640136e-01  1.03528299e+09 
 4.00000000e-01  3.99996440e-01  2.30511748e-08  2.30511748e+04  2.41574008e+01  1.90612069e+01 -2.06641072e-01  1.29147274e+09 
 4.10000000e-01  4.09995470e-01  2.93317393e-08  2.93317393e+04  2.40375549e+01  1.90491125e+01 -1.96642259e-01  1.60846348e+09 
 4.20000000e-01  4.19994242e-01  3.72767102e-08  3.72767102e+04  2.39079234e+01  1.90362687e+01 -1.86643760e-01  1.99988801e+09 
 4.30000000e-01  4.29992693e-01  4.73095710e-08  4.73095710e+04  2.37685190e+01  1.90229406e+01 -1.76645655e-01  2.48221429e+09 
 4.40000000e-01  4.39990740e-01  5.99555064e-08  5.99555064e+04  2.36195535e+01  1.90094925e+01 -1.66648044e-01  3.07528783e+09 
 4.50000000e-01  4.49988282e-01  7.58640299e-08  7.58640299e+04  2.34614593e+01  1.89964035e+01 -1.56651050e-01  3.80297432e+09 
 4.60000000e-01  4.59985198e-01  9.58362378e-08  9.58362378e+04  2.32948961e+01  1.89842783e+01 -1.46654823e-01  4.69392249e+09 
 4.70000000e-01  4.69981333e-01  1.20857578e-07  1.20857578e+05  2.31207352e+01  1.89738532e+01 -1.36659550e-01  5.78246975e+09 
 4.80000000e-01  4.79976502e-01  1.52137179e-07  1.52137179e+05  2.29400111e+01  1.89659906e+01 -1.26665459e-01  7.10971245e+09 
 4.90000000e-01  4.89970475e-01  1.91154916e-07  1.91154916e+05  2.27538329e+01  1.89616593e+01 -1.16672830e-01  8.72475650e+09 
 5.00000000e-01  4.99962975e-01  2.39717498e-07  2.39717498e+05  2.25632473e+01  1.89618951e+01 -1.06682005e-01  1.06861469e+10 
 5.10000000e-01  5.09953660e-01  3.00024770e-07  3.00024770e+05  2.23690527e+01  1.89677387e+01 -9.66933981e-02  1.30634410e+10 
 5.20000000e-01  5.19942119e-01  3.74747144e-07  3.74747144e+05  2.21715722e+01  1.89801498e+01 -8.67075146e-02  1.59388355e+10 
 5.30000000e-01  5.29927852e-01  4.67114320e-07  4.67114320e+05  2.19704036e+01  1.89999007e+01 -7.67249646e-02  1.94086744e+10 
 5.40000000e-01  5.39910260e-01  5.81014134e-07  5.81014134e+05  2.17641819e+01  1.90274576e+01 -6.67464825e-02  2.35845596e+10 
 5.50000000e-01  5.49888623e-01  7.21098252e-07  7.21098252e+05  2.15503991e+01  1.90628643e+01 -5.67729470e-02  2.85936697e+10 
 5.60000000e-01  5.59862090e-01  8.92888564e-07  8.92888564e+05  2.13253338e+01  1.91056461e+01 -4.68054014e-02  3.45777842e+10 
 5.70000000e-01  5.69829657e-01  1.10287451e-06  1.10287451e+06  2.10841385e+01  1.91547527e+01 -3.68450715e-02  4.16904602e+10 
 5.80000000e-01  5.79790161e-01  1.35858781e-06  1.35858781e+06  2.08211131e+01  1.92085563e+01 -2.68933802e-02  5.00918520e+10 
 5.90000000e-01  5.89742272e-01  1.66863772e-06  1.66863772e+06  2.05301589e+01  1.92649102e+01 -1.69519538e-02  5.99408594e+10 
 6.00000000e-01  5.99684499e-01  2.04268857e-06  2.04268857e+06  2.02053703e+01  1.93212648e+01 -7.02261776e-03  7.13846395e+10 
 6.10000000e-01  6.09615199e-01  2.49136209e-06  2.49136209e+06  1.98416827e+01  1.93748241e+01  2.89262139e-03  8.45460174e+10 
 6.20000000e-01  6.19532614e-01  3.02605239e-06  3.02605239e+06  1.94354760e+01  1.94227218e+01  1.27916115e-02  9.95098864e+10 
 6.30000000e-01  6.29434907e-01  3.65864965e-06  3.65864965e+06  1.89850360e+01  1.94621923e+01  2.26721068e-02  1.16310175e+11 
 6.40000000e-01  6.39320220e-01  4.40118055e-06  4.40118055e+06  1.84908020e+01  1.94907156e+01  3.25318359e-02  1.34919232e+11 
 6.50000000e-01  6.49186740e-01  5.26538627e-06  5.26538627e+06  1.79553723e+01  1.95061253e+01  4.23685815e-02  1.55241395e+11 
 6.60000000e-01  6.59032767e-01  6.26227003e-06  6.26227003e+06  1.73832829e+01  1.95066738e+01  5.21802660e-02  1.77112082e+11 
 6.70000000e-01  6.68856785e-01  7.40165344e-06  7.40165344e+06  1.67806130e+01  1.94910583e+01  6.19650353e-02  2.00302945e+11 
 6.80000000e-01  6.78657520e-01  8.69178217e-06  8.69178217e+06  1.61544897e+01  1.94584146e+01  7.17213332e-02  2.24532722e+11 
 6.90000000e-01  6.88433989e-01  1.01390161e-05  1.01390161e+07  1.55125664e+01  1.94082882e+01  8.14479600e-02  2.49482560e+11 
 7.00000000e-01  6.98185532e-01  1.17476288e-05  1.17476288e+07  1.48625380e+01  1.93405917e+01  9.11441104e-02  2.74813963e+11 
 7.10000000e-01  7.07911824e-01  1.35197268e-05  1.35197268e+07  1.42117359e+01  1.92555547e+01  1.00809389e-01  3.00187288e+11 
 7.20000000e-01  7.17612869e-01  1.54552869e-05  1.54552869e+07  1.35668252e+01  1.91536732e+01  1.10443802e-01  3.25278843e+11 
 7.30000000e-01  7.27288978e-01  1.75522959e-05  1.75522959e+07  1.29336078e+01  1.90356606e+01  1.20047734e-01  3.49795075e+11 
 7.40000000e-01  7.36940734e-01  1.98069701e-05  1.98069701e+07  1.23169223e+01  1.89024024e+01  1.29621901e-01  3.73482949e+11 
 7.50000000e-01  7.46568954e-01  2.22140294e-05  2.22140294e+07  1.17206227e+01  1.87549156e+01  1.39167303e-01  3.96136189e+11 
 7.60000000e-01  7.56174638e-01  2.47669983e-05  2.47669983e+07  1.11476181e+01  1.85943129e+01  1.48685168e-01  4.17597630e+11 
 7.70000000e-01  7.65758923e-01  2.74585108e-05  2.74585108e+07  1.05999512e+01  1.84217705e+01  1.58176888e-01  4.37758245e+11 
 7.80000000e-01  7.75323040e-01  3.02806012e-05  3.02806012e+07  1.00789025e+01  1.82385014e+01  1.67643971e-01  4.56553642e+11 
 7.90000000e-01  7.84868271e-01  3.32249677e-05  3.32249677e+07  9.58510253e+00  1.80457303e+01  1.77087989e-01  4.73958838e+11 
 8.00000000e-01  7.94395915e-01  3.62831992e-05  3.62831992e+07  9.11864598e+00  1.78446739e+01  1.86510532e-01  4.89982108e+11 
 8.10000000e-01  8.03907259e-01  3.94469641e-05  3.94469641e+07  8.67919894e+00  1.76365224e+01  1.95913176e-01  5.04658512e+11 
 8.20000000e-01  8.13403554e-01  4.27081592e-05  4.27081592e+07  8.26609595e+00  1.74224253e+01  2.05297455e-01  5.18043620e+11 
 8.30000000e-01  8.22886000e-01  4.60590214e-05  4.60590214e+07  7.87842368e+00  1.72034762e+01  2.14664835e-01  5.30207734e+11 
 8.40000000e-01  8.32355731e-01  4.94922059e-05  4.94922059e+07  7.51509535e+00  1.69807083e+01  2.24016707e-01  5.41230827e+11 
 8.50000000e-01  8.41813809e-01  5.30008385e-05  5.30008385e+07  7.17491131e+00  1.67550898e+01  2.33354371e-01  5.51198289e+11 
 8.60000000e-01  8.51261218e-01  5.65785417e-05  5.65785417e+07  6.85660369e+00  1.65275104e+01  2.42679032e-01  5.60197460e+11 
 8.70000000e-01  8.60698866e-01  6.02194426e-05  6.02194426e+07  6.55887655e+00  1.62987829e+01  2.51991801e-01  5.68314932e+11 
 8.80000000e-01  8.70127583e-01  6.39181669e-05  6.39181669e+07  6.28043552e+00  1.60696415e+01  2.61293694e-01  5.75634534e+11 
 8.90000000e-01  8.79548125e-01  6.76698214e-05  6.76698214e+07  6.02001006e+00  1.58407431e+01  2.70585637e-01  5.82235895e+11 
 9.00000000e-01  8.88961177e-01  7.14699696e-05  7.14699696e+07  5.77636979e+00  1.56126685e+01  2.79868468e-01  5.88193503e+11 
 9.10000000e-01  8.98367358e-01  7.53146021e-05  7.53146021e+07  5.54833582e+00  1.53859261e+01  2.89142945e-01  5.93576149e+11 
 9.20000000e-01  9.07767227e-01  7.92001046e-05  7.92001046e+07  5.33478823e+00  1.51609554e+01  2.98409753e-01  5.98446687e+11 
 9.30000000e-01  9.17161286e-01  8.31232242e-05  8.31232242e+07  5.13467047e+00  1.49381316e+01  3.07669505e-01  6.02862023e+11 
 9.40000000e-01  9.26549986e-01  8.70810365e-05  8.70810365e+07  4.94699140e+00  1.47177702e+01  3.16922755e-01  6.06873267e+11 
 9.50000000e-01  9.35933733e-01  9.10709128e-05  9.10709128e+07  4.77082551e+00  1.45001328e+01  3.26170000e-01  6.10526019e+11 
 9.60000000e-01  9.45312893e-01  9.50904899e-05  9.50904899e+07  4.60531186e+00  1.42854312e+01  3.35411687e-01  6.13860711e+11 
 9.70000000e-01  9.54687795e-01  9.91376407e-05  9.91376407e+07  4.44965210e+00  1.40738338e+01  3.44648218e-01  6.16913015e+11 
 9.80000000e-01  9.64058733e-01  1.03210448e-04  1.03210448e+08  4.30310774e+00  1.38654693e+01  3.53879955e-01  6.19714249e+11 
 9.90000000e-01  9.73425977e-01  1.07307180e-04  1.07307180e+08  4.16499711e+00  1.36604325e+01  3.63107226e-01  6.22291807e+11 
 1.00000000e+00  9.82789767e-01  1.11426270e-04  1.11426270e+08  4.03469199e+00  1.34587878e+01  3.72330327e-01  6.24669559e+11 
 1.01000000e+00  9.92150324e-01  1.15566292e-04  1.15566292e+08  3.91161422e+00  1.32605742e+01  3.81549528e-01  6.26868242e+11 
 1.02000000e+00  1.00150785e+00  1.19725948e-04  1.19725948e+08  3.79523218e+00  1.30658082e+01  3.90765074e-01  6.28905826e+11 
 1.03000000e+00  1.01086252e+00  1.23904052e-04  1.23904052e+08  3.68505743e+00  1.28744877e+01  3.99977190e-01  6.30797845e+11 
 1.04000000e+00  1.02021452e+00  1.28099512e-04  1.28099512e+08  3.58064144e+00  1.26865951e+01  4.09186081e-01  6.32557705e+11 
 1.05000000e+00  1.02956399e+00  1.32311322e-04  1.32311322e+08  3.48157243e+00  1.25020997e+01  4.18391939e-01  6.34196957e+11 
 1.06000000e+00  1.03891107e+00  1.36538551e-04  1.36538551e+08  3.38747241e+00  1.23209602e+01  4.27594939e-01  6.35725547e+11 
 1.07000000e+00  1.04825591e+00  1.40780331e-04  1.40780331e+08  3.29799443e+00  1.21431268e+01  4.36795245e-01  6.37152034e+11 
 1.08000000e+00  1.05759863e+00  1.45035852e-04  1.45035852e+08  3.21281992e+00  1.19685431e+01  4.45993010e-01  6.38483781e+11 
 1.09000000e+00  1.06693935e+00  1.49304354e-04  1.49304354e+08  3.13165635e+00  1.17971477e+01  4.55188379e-01  6.39727129e+11 
 1.10000000e+00  1.07627816e+00  1.53585120e-04  1.53585120e+08  3.05423493e+00  1.16288752e+01  4.64381486e-01  6.40887544e+11 
 1.11000000e+00  1.08561519e+00  1.57877472e-04  1.57877472e+08  2.98030862e+00  1.14636577e+01  4.73572459e-01  6.41969747e+11 
 1.12000000e+00  1.09495053e+00  1.62180768e-04  1.62180768e+08  2.90965022e+00  1.13014253e+01  4.82761421e-01  6.42977825e+11 
 1.13000000e+00  1.10428427e+00  1.66494394e-04  1.66494394e+08  2.84205061e+00  1.11421077e+01  4.91948487e-01  6.43915329e+11 
 1.14000000e+00  1.11361651e+00  1.70817766e-04  1.70817766e+08  2.77731723e+00  1.09856338e+01  5.01133767e-01  6.44785356e+11 
 1.15000000e+00  1.12294733e+00  1.75150321e-04  1.75150321e+08  2.71527257e+00  1.08319331e+01  5.10317368e-01  6.45590623e+11 
 1.16000000e+00  1.13227682e+00  1.79491521e-04  1.79491521e+08  2.65575291e+00  1.06809356e+01  5.19499392e-01  6.46333523e+11 
 1.17000000e+00  1.14160505e+00  1.83840848e-04  1.83840848e+08  2.59860710e+00  1.05325725e+01  5.28679935e-01  6.47016181e+11 
 1.18000000e+00  1.15093210e+00  1.88197800e-04  1.88197800e+08  2.54369545e+00  1.03867762e+01  5.37859094e-01  6.47640495e+11 
 1.19000000e+00  1.16025805e+00  1.92561894e-04  1.92561894e+08  2.49088877e+00  1.02434806e+01  5.47036958e-01  6.48208174e+11 
 1.20000000e+00  1.16958296e+00  1.96932662e-04  1.96932662e+08  2.44006744e+00  1.01026211e+01  5.56213618e-01  6.48720771e+11 
 1.21000000e+00  1.17890692e+00  2.01309650e-04  2.01309650e+08  2.39112059e+00  9.96413515e+00  5.65389157e-01  6.49179703e+11 
 1.22000000e+00  1.18822998e+00  2.05692418e-04  2.05692418e+08  2.34394540e+00  9.82796178e+00  5.74563660e-01  6.49586280e+11 
 1.23000000e+00  1.19755222e+00  2.10080538e-04  2.10080538e+08  2.29844633e+00  9.69404194e+00  5.83737206e-01  6.49941718e+11 
 1.24000000e+00  1.20687370e+00  2.14473596e-04  2.14473596e+08  2.25453462e+00  9.56231842e+00  5.92909874e-01  6.50247153e+11 
 1.25000000e+00  1.21619447e+00  2.18871186e-04  2.18871186e+08  2.21212764e+00  9.43273589e+00  6.02081741e-01  6.50503658e+11 
 1.26000000e+00  1.22551460e+00  2.23272917e-04  2.23272917e+08  2.17114841e+00  9.30524084e+00  6.11252881e-01  6.50712248e+11 
 1.27000000e+00  1.23483416e+00  2.27678404e-04  2.27678404e+08  2.13152515e+00  9.17978154e+00  6.20423364e-01  6.50873891e+11 
 1.28000000e+00  1.24415319e+00  2.32087276e-04  2.32087276e+08  2.09319084e+00  9.05630805e+00  6.29593263e-01  6.50989511e+11 
 1.29000000e+00  1.25347176e+00  2.36499169e-04  2.36499169e+08  2.05608287e+00  8.93477210e+00  6.38762645e-01  6.51059997e+11 
 1.30000000e+00  1.26278991e+00  2.40913729e-04  2.40913729e+08  2.02014264e+00  8.81512708e+00  6.47931577e-01  6.51086202e+11 
 1.31000000e+00  1.27210771e+00  2.45330612e-04  2.45330612e+08  1.98531530e+00  8.69732797e+00  6.57100123e-01  6.51068951e+11 
 1.32000000e+00  1.28142519e+00  2.49749481e-04  2.49749481e+08  1.95154940e+00  8.58133129e+00  6.66268348e-01  6.51009039e+11 
 1.33000000e+00  1.29074243e+00  2.54170009e-04  2.54170009e+08  1.91879669e+00  8.46709503e+00  6.75436312e-01  6.50907234e+11 
 1.34000000e+00  1.30005945e+00  2.58591875e-04  2.58591875e+08  1.88701183e+00  8.35457858e+00  6.84604077e-01  6.50764279e+11 
 1.35000000e+00  1.30937632e+00  2.63014768e-04  2.63014768e+08  1.85615219e+00  8.24374269e+00  6.93771700e-01  6.50580891e+11 
 1.36000000e+00  1.31869307e+00  2.67438384e-04  2.67438384e+08  1.82617765e+00  8.13454941e+00  7.02939238e-01  6.50357760e+11 
 1.37000000e+00  1.32800976e+00  2.71862426e-04  2.71862426e+08  1.79705042e+00  8.02696201e+00  7.12106748e-01  6.50095554e+11 
 1.38000000e+00  1.33732643e+00  2.76286605e-04  2.76286605e+08  1.76873486e+00  7.92094497e+00  7.21274284e-01  6.49794911e+11 
 1.39000000e+00  1.34664312e+00  2.80710638e-04  2.80710638e+08  1.74119733e+00  7.81646387e+00  7.30441899e-01  6.49456447e+11 
 1.40000000e+00  1.35595987e+00  2.85134251e-04  2.85134251e+08  1.71440605e+00  7.71348540e+00  7.39609645e-01  6.49080747e+11 
 1.41000000e+00  1.36527674e+00  2.89557174e-04  2.89557174e+08  1.68833098e+00  7.61197728e+00  7.48777571e-01  6.48668372e+11 
 1.42000000e+00  1.37459375e+00  2.93979146e-04  2.93979146e+08  1.66294369e+00  7.51190820e+00  7.57945728e-01  6.48219852e+11 
 1.43000000e+00  1.38391094e+00  2.98399909e-04  2.98399909e+08  1.63821725e+00  7.41324780e+00  7.67114164e-01  6.47735688e+11 
 1.44000000e+00  1.39322836e+00  3.02819215e-04  3.02819215e+08  1.61412613e+00  7.31596665e+00  7.76282924e-01  6.47216352e+11 
 1.45000000e+00  1.40254604e+00  3.07236820e-04  3.07236820e+08  1.59064612e+00  7.22003616e+00  7.85452056e-01  6.46662283e+11 
 1.46000000e+00  1.41186403e+00  3.11652484e-04  3.11652484e+08  1.56775424e+00  7.12542858e+00  7.94621603e-01  6.46073890e+11 
 1.47000000e+00  1.42118235e+00  3.16065977e-04  3.16065977e+08  1.54542863e+00  7.03211695e+00  8.03791609e-01  6.45451546e+11 
 1.48000000e+00  1.43050103e+00  3.20477069e-04  3.20477069e+08  1.52364854e+00  6.94007509e+00  8.12962118e-01  6.44795592e+11 
 1.49000000e+00  1.43982013e+00  3.24885540e-04  3.24885540e+08  1.50239419e+00  6.84927752e+00  8.22133169e-01  6.44106333e+11 
 1.50000000e+00  1.44913966e+00  3.29291172e-04  3.29291172e+08  1.48164678e+00  6.75969950e+00  8.31304805e-01  6.43384038e+11 
 1.51000000e+00  1.45845966e+00  3.33693754e-04  3.33693754e+08  1.46138837e+00  6.67131695e+00  8.40477065e-01  6.42628940e+11 
 1.52000000e+00  1.46778017e+00  3.38093077e-04  3.38093077e+08  1.44160188e+00  6.58410644e+00  8.49649987e-01  6.41841232e+11 
 1.53000000e+00  1.47710121e+00  3.42488940e-04  3.42488940e+08  1.42227098e+00  6.49804517e+00  8.58823609e-01  6.41021070e+11 
 1.54000000e+00  1.48642282e+00  3.46881143e-04  3.46881143e+08  1.40338011e+00  6.41311095e+00  8.67997969e-01  6.40168568e+11 
 1.55000000e+00  1.49574502e+00  3.51269493e-04  3.51269493e+08  1.38491439e+00  6.32928215e+00  8.77173103e-01  6.39283804e+11 
 1.56000000e+00  1.50506785e+00  3.55653799e-04  3.55653799e+08  1.36685961e+00  6.24653774e+00  8.86349047e-01  6.38366810e+11 
 1.57000000e+00  1.51439133e+00  3.60033875e-04  3.60033875e+08  1.34920216e+00  6.16485719e+00  8.95525834e-01  6.37417580e+11 
 1.58000000e+00  1.52371549e+00  3.64409540e-04  3.64409540e+08  1.33192904e+00  6.08422054e+00  9.04703500e-01  6.36436064e+11 
 1.59000000e+00  1.53304036e+00  3.68780614e-04  3.68780614e+08  1.31502779e+00  6.00460830e+00  9.13882077e-01  6.35422171e+11 
 1.60000000e+00  1.54236597e+00  3.73146923e-04  3.73146923e+08  1.29848646e+00  5.92600150e+00  9.23061598e-01  6.34375768e+11 
 1.61000000e+00  1.55169233e+00  3.77508294e-04  3.77508294e+08  1.28229361e+00  5.84838161e+00  9.32242096e-01  6.33296677e+11 
 1.62000000e+00  1.56101949e+00  3.81864559e-04  3.81864559e+08  1.26643828e+00  5.77173060e+00  9.41423602e-01  6.32184682e+11 
 1.63000000e+00  1.57034746e+00  3.86215552e-04  3.86215552e+08  1.25090994e+00  5.69603087e+00  9.50606146e-01  6.31039522e+11 
 1.64000000e+00  1.57967627e+00  3.90561111e-04  3.90561111e+08  1.23569848e+00  5.62126524e+00  9.59789758e-01  6.29860897e+11 
 1.65000000e+00  1.58900595e+00  3.94901077e-04  3.94901077e+08  1.22079419e+00  5.54741697e+00  9.68974470e-01  6.28648469e+11 
 1.66000000e+00  1.59833651e+00  3.99235292e-04  3.99235292e+08  1.20618775e+00  5.47446972e+00  9.78160309e-01  6.27401861e+11 
 1.67000000e+00  1.60766799e+00  4.03563603e-04  4.03563603e+08  1.19187020e+00  5.40240755e+00  9.87347305e-01  6.26120662e+11 
 1.68000000e+00  1.61700040e+00  4.07885856e-04  4.07885856e+08  1.17783291e+00  5.33121490e+00  9.96535485e-01  6.24804426e+11 
 1.69000000e+00  1.62633377e+00  4.12201904e-04  4.12201904e+08  1.16406758e+00  5.26087659e+00  1.00572488e+00  6.23452681e+11 
 1.70000000e+00  1.63566812e+00  4.16511598e-04  4.16511598e+08  1.15056624e+00  5.19137780e+00  1.01491551e+00  6.22064928e+11 
 1.71000000e+00  1.64500347e+00  4.20814793e-04  4.20814793e+08  1.13732120e+00  5.12270407e+00  1.02410741e+00  6.20640645e+11 
 1.72000000e+00  1.65433985e+00  4.25111346e-04  4.25111346e+08  1.12432505e+00  5.05484127e+00  1.03330060e+00  6.19179298e+11 
 1.73000000e+00  1.66367728e+00  4.29401117e-04  4.29401117e+08  1.11157064e+00  4.98777563e+00  1.04249512e+00  6.17680341e+11 
 1.74000000e+00  1.67301578e+00  4.33683964e-04  4.33683964e+08  1.09905111e+00  4.92149368e+00  1.05169098e+00  6.16143226e+11 
 1.75000000e+00  1.68235536e+00  4.37959752e-04  4.37959752e+08  1.08675981e+00  4.85598229e+00  1.06088821e+00  6.14567409e+11 
 1.76000000e+00  1.69169606e+00  4.42228343e-04  4.42228343e+08  1.07469035e+00  4.79122863e+00  1.07008683e+00  6.12952360e+11 
 1.77000000e+00  1.70103789e+00  4.46489604e-04  4.46489604e+08  1.06283653e+00  4.72722018e+00  1.07928688e+00  6.11297571e+11 
 1.78000000e+00  1.71038088e+00  4.50743400e-04  4.50743400e+08  1.05119239e+00  4.66394469e+00  1.08848838e+00  6.09602566e+11 
 1.79000000e+00  1.71972504e+00  4.54989600e-04  4.54989600e+08  1.03975216e+00  4.60139022e+00  1.09769134e+00  6.07866912e+11 
 1.80000000e+00  1.72907039e+00  4.59228073e-04  4.59228073e+08  1.02851029e+00  4.53954512e+00  1.10689580e+00  6.06090229e+11 
