 v-sweep         vgs             id              id_w            gm_id           gm_gds          vov             gm_cgg         
 0.00000000e+00 -6.36795552e-11  4.12288158e-13  4.12288158e-01  2.96012750e+01  7.59553618e+01 -4.94085378e-01  6.46742528e+03 
 1.00000000e-02  9.99999992e-03  5.54306369e-13  5.54306369e-01  2.95976415e+01  7.59465957e+01 -4.84085378e-01  8.66470938e+03 
 2.00000000e-02  1.99999999e-02  7.45215490e-13  7.45215490e-01  2.95934312e+01  7.59363556e+01 -4.74085378e-01  1.15986883e+04 
 3.00000000e-02  2.99999998e-02  1.00183034e-12  1.00183034e+00  2.95885531e+01  7.59244100e+01 -4.64085378e-01  1.55124742e+04 
 4.00000000e-02  3.99999998e-02  1.34673969e-12  1.34673969e+00  2.95829020e+01  7.59104918e+01 -4.54085378e-01  2.07279139e+04 
 5.00000000e-02  4.99999997e-02  1.81028396e-12  1.81028396e+00  2.95763564e+01  7.58942930e+01 -4.44085378e-01  2.76705338e+04 
 6.00000000e-02  5.99999996e-02  2.43320740e-12  2.43320740e+00  2.95687760e+01  7.58754588e+01 -4.34085379e-01  3.69021897e+04 
 7.00000000e-02  6.99999995e-02  3.27021341e-12  3.27021341e+00  2.95599991e+01  7.58535806e+01 -4.24085379e-01  4.91637341e+04 
 8.00000000e-02  7.99999993e-02  4.39472812e-12  4.39472812e+00  2.95498392e+01  7.58281889e+01 -4.14085379e-01  6.54306834e+04 
 9.00000000e-02  8.99999991e-02  5.90527897e-12  5.90527897e+00  2.95380814e+01  7.57987449e+01 -4.04085379e-01  8.69857235e+04 
 1.00000000e-01  9.99999988e-02  7.93403023e-12  7.93403023e+00  2.95244789e+01  7.57646310e+01 -3.94085380e-01  1.15512986e+05 
 1.10000000e-01  1.09999998e-01  1.06581958e-11  1.06581958e+01  2.95087479e+01  7.57251407e+01 -3.84085380e-01  1.53220409e+05 
 1.20000000e-01  1.19999998e-01  1.43152854e-11  1.43152854e+01  2.94905628e+01  7.56794680e+01 -3.74085381e-01  2.02998246e+05 
 1.30000000e-01  1.29999997e-01  1.92234511e-11  1.92234511e+01  2.94695510e+01  7.56266956e+01 -3.64085382e-01  2.68623983e+05 
 1.40000000e-01  1.39999996e-01  2.58086059e-11  2.58086059e+01  2.94452867e+01  7.55657829e+01 -3.54085383e-01  3.55026684e+05 
 1.50000000e-01  1.49999995e-01  3.46405215e-11  3.46405215e+01  2.94172846e+01  7.54955538e+01 -3.44085385e-01  4.68627155e+05 
 1.60000000e-01  1.59999993e-01  4.64807979e-11  4.64807979e+01  2.93849927e+01  7.54146849e+01 -3.34085387e-01  6.17774545e+05 
 1.70000000e-01  1.69999990e-01  6.23464952e-11  6.23464952e+01  2.93477860e+01  7.53216955e+01 -3.24085390e-01  8.13305026e+05 
 1.80000000e-01  1.79999987e-01  8.35943608e-11  8.35943608e+01  2.93049588e+01  7.52149390e+01 -3.14085394e-01  1.06925434e+06 
 1.90000000e-01  1.89999983e-01  1.12032050e-10  1.12032050e+02  2.92557187e+01  7.50925986e+01 -3.04085399e-01  1.40376308e+06 
 2.00000000e-01  1.99999977e-01  1.50064581e-10  1.50064581e+02  2.91991798e+01  7.49526894e+01 -2.94085406e-01  1.84022200e+06 
 2.10000000e-01  2.09999969e-01  2.00886584e-10  2.00886584e+02  2.91343588e+01  7.47930675e+01 -2.84085416e-01  2.40871365e+06 
 2.20000000e-01  2.19999958e-01  2.68733732e-10  2.68733732e+02  2.90601722e+01  7.46114525e+01 -2.74085428e-01  3.14781699e+06 
 2.30000000e-01  2.29999945e-01  3.59210259e-10  3.59210259e+02  2.89754373e+01  7.44054646e+01 -2.64085445e-01  4.10685176e+06 
 2.40000000e-01  2.39999926e-01  4.79713575e-10  4.79713575e+02  2.88788770e+01  7.41726836e+01 -2.54085468e-01  5.34864950e+06 
 2.50000000e-01  2.49999901e-01  6.39981926e-10  6.39981926e+02  2.87691314e+01  7.39107340e+01 -2.44085497e-01  6.95294661e+06 
 2.60000000e-01  2.59999868e-01  8.52796613e-10  8.52796613e+02  2.86447764e+01  7.36174036e+01 -2.34085537e-01  9.02050105e+06 
 2.70000000e-01  2.69999825e-01  1.13487658e-09  1.13487658e+03  2.85043521e+01  7.32908031e+01 -2.24085590e-01  1.16780362e+07 
 2.80000000e-01  2.79999767e-01  1.50800992e-09  1.50800992e+03  2.83464027e+01  7.29295714e+01 -2.14085659e-01  1.50841130e+07 
 2.90000000e-01  2.89999691e-01  2.00047404e-09  2.00047404e+03  2.81695291e+01  7.25331332e+01 -2.04085751e-01  1.94360232e+07 
 3.00000000e-01  2.99999591e-01  2.64880325e-09  2.64880325e+03  2.79724551e+01  7.21020113e+01 -1.94085872e-01  2.49777862e+07 
 3.10000000e-01  3.09999459e-01  3.49996975e-09  3.49996975e+03  2.77541063e+01  7.16381885e+01 -1.84086031e-01  3.20093200e+07 
 3.20000000e-01  3.19999287e-01  4.61405047e-09  4.61405047e+03  2.75136992e+01  7.11455096e+01 -1.74086239e-01  4.08968532e+07 
 3.30000000e-01  3.29999063e-01  6.06745927e-09  6.06745927e+03  2.72508336e+01  7.06301014e+01 -1.64086510e-01  5.20846569e+07 
 3.40000000e-01  3.39998771e-01  7.95683061e-09  7.95683061e+03  2.69655794e+01  7.01007730e+01 -1.54086862e-01  6.61082105e+07 
 3.50000000e-01  3.49998393e-01  1.04036494e-08  1.04036494e+04  2.66585422e+01  6.95693472e+01 -1.44087319e-01  8.36089700e+07 
 3.60000000e-01  3.59997906e-01  1.35597313e-08  1.35597313e+04  2.63308897e+01  6.90508516e+01 -1.34087907e-01  1.05350964e+08 
 3.70000000e-01  3.69997279e-01  1.76136703e-08  1.76136703e+04  2.59843183e+01  6.85634937e+01 -1.24088664e-01  1.32239438e+08 
 3.80000000e-01  3.79996479e-01  2.27983756e-08  2.27983756e+04  2.56209382e+01  6.81283334e+01 -1.14089631e-01  1.65341584e+08 
 3.90000000e-01  3.89995459e-01  2.93998219e-08  2.93998219e+04  2.52430673e+01  6.77685808e+01 -1.04090862e-01  2.05908925e+08 
 4.00000000e-01  3.99994167e-01  3.77670989e-08  3.77670989e+04  2.48529326e+01  6.75084759e+01 -9.40924227e-02  2.55399901e+08 
 4.10000000e-01  4.09992536e-01  4.83237661e-08  4.83237661e+04  2.44523056e+01  6.73717557e+01 -8.40943918e-02  3.15499661e+08 
 4.20000000e-01  4.19990489e-01  6.15803449e-08  6.15803449e+04  2.40421216e+01  6.73797834e+01 -7.40968645e-02  3.88131959e+08 
 4.30000000e-01  4.29987930e-01  7.81475088e-08  7.81475088e+04  2.36221576e+01  6.75494924e+01 -6.40999547e-02  4.75455833e+08 
 4.40000000e-01  4.39984748e-01  9.87491433e-08  9.87491433e+04  2.31908556e+01  6.78913670e+01 -5.41037975e-02  5.79838128e+08 
 4.50000000e-01  4.49980812e-01  1.24233992e-07  1.24233992e+05  2.27453663e+01  6.84077314e+01 -4.41085511e-02  7.03792941e+08 
 4.60000000e-01  4.59975969e-01  1.55584156e-07  1.55584156e+05  2.22818519e+01  6.90916137e+01 -3.41143988e-02  8.49881632e+08 
 4.70000000e-01  4.69970049e-01  1.93918429e-07  1.93918429e+05  2.17960276e+01  6.99264093e+01 -2.41215491e-02  1.02057263e+09 
 4.80000000e-01  4.79962856e-01  2.40488413e-07  2.40488413e+05  2.12838570e+01  7.08864588e+01 -1.41302357e-02  1.21806835e+09 
 4.90000000e-01  4.89954179e-01  2.96665811e-07  2.96665811e+05  2.07422727e+01  7.19385272e+01 -4.14071424e-03  1.44411539e+09 
 5.00000000e-01  4.99943791e-01  3.63920095e-07  3.63920095e+05  2.01697795e+01  7.30440287e+01  5.84674108e-03  1.69982159e+09 
 5.10000000e-01  5.09931455e-01  4.43786935e-07  4.43786935e+05  1.95668272e+01  7.41617284e+01  1.58318438e-02  1.98550668e+09 
 5.20000000e-01  5.19916930e-01  5.37829130e-07  5.37829130e+05  1.89358976e+01  7.52505909e+01  2.58143026e-02  2.30061089e+09 
 5.30000000e-01  5.29899977e-01  6.47592906e-07  6.47592906e+05  1.82813159e+01  7.62724391e+01  3.57938288e-02  2.64367802e+09 
 5.40000000e-01  5.39880366e-01  7.74563239e-07  7.74563239e+05  1.76088494e+01  7.71941464e+01  4.57701457e-02  3.01241766e+09 
 5.50000000e-01  5.49857883e-01  9.20122068e-07  9.20122068e+05  1.69251881e+01  7.79891774e+01  5.57429955e-02  3.40383867e+09 
 5.60000000e-01  5.59832338e-01  1.08551282e-06  1.08551282e+06  1.62373985e+01  7.86384048e+01  6.57121461e-02  3.81443557e+09 
 5.70000000e-01  5.69803563e-01  1.27181378e-06  1.27181378e+06  1.55524290e+01  7.91302328e+01  7.56773967e-02  4.24040326e+09 
 5.80000000e-01  5.79771420e-01  1.47992176e-06  1.47992176e+06  1.48767144e+01  7.94601381e+01  8.56385799e-02  4.67785418e+09 
 5.90000000e-01  5.89735799e-01  1.71054602e-06  1.71054602e+06  1.42158999e+01  7.96297830e+01  9.55955635e-02  5.12301560e+09 
 6.00000000e-01  5.99696620e-01  1.96421178e-06  1.96421178e+06  1.35746831e+01  7.96458713e+01  1.05548250e-01  5.57239095e+09 
 6.10000000e-01  6.09653827e-01  2.24127149e-06  2.24127149e+06  1.29567579e+01  7.95189034e+01  1.15496572e-01  6.02287653e+09 
 6.20000000e-01  6.19607390e-01  2.54192187e-06  2.54192187e+06  1.23648375e+01  7.92619575e+01  1.25440495e-01  6.47183197e+09 
 6.30000000e-01  6.29557300e-01  2.86622457e-06  2.86622457e+06  1.18007305e+01  7.88895881e+01  1.35380007e-01  6.91710830e+09 
 6.40000000e-01  6.39503565e-01  3.21412846e-06  3.21412846e+06  1.12654512e+01  7.84168944e+01  1.45315117e-01  7.35704097e+09 
 6.50000000e-01  6.49446206e-01  3.58549198e-06  3.58549198e+06  1.07593433e+01  7.78587821e+01  1.55245852e-01  7.79041665e+09 
 6.60000000e-01  6.59385257e-01  3.98010414e-06  3.98010414e+06  1.02822061e+01  7.72294182e+01  1.65172252e-01  8.21642293e+09 
 6.70000000e-01  6.69320757e-01  4.39770350e-06  4.39770350e+06  9.83341340e+00  7.65418589e+01  1.75094364e-01  8.63458869e+09 
 6.80000000e-01  6.79252752e-01  4.83799458e-06  4.83799458e+06  9.41202068e+00  7.58078283e+01  1.85012245e-01  9.04472175e+09 
 6.90000000e-01  6.89181292e-01  5.30066154e-06  5.30066154e+06  9.01685723e+00  7.50376159e+01  1.94925953e-01  9.44684846e+09 
 7.00000000e-01  6.99106425e-01  5.78537906e-06  5.78537906e+06  8.64660335e+00  7.42400661e+01  2.04835550e-01  9.84115844e+09 
 7.10000000e-01  7.09028203e-01  6.29182088e-06  6.29182088e+06  8.29985287e+00  7.34226316e+01  2.14741096e-01  1.02279562e+10 
 7.20000000e-01  7.18946675e-01  6.81966593e-06  6.81966593e+06  7.97516257e+00  7.25914719e+01  2.24642650e-01  1.06076202e+10 
 7.30000000e-01  7.28861890e-01  7.36860273e-06  7.36860273e+06  7.67109005e+00  7.17515756e+01  2.34540272e-01  1.09805700e+10 
 7.40000000e-01  7.38773893e-01  7.93833206e-06  7.93833206e+06  7.38622183e+00  7.09068963e+01  2.44434018e-01  1.13472403e+10 
 7.50000000e-01  7.48682728e-01  8.52856851e-06  8.52856851e+06  7.11919355e+00  7.00604895e+01  2.54323940e-01  1.17080609e+10 
 7.60000000e-01  7.58588439e-01  9.13904097e-06  9.13904097e+06  6.86870363e+00  6.92146463e+01  2.64210089e-01  1.20634428e+10 
 7.70000000e-01  7.68491063e-01  9.76949242e-06  9.76949242e+06  6.63352192e+00  6.83710170e+01  2.74092514e-01  1.24137686e+10 
 7.80000000e-01  7.78390639e-01  1.04196792e-05  1.04196792e+07  6.41249436e+00  6.75307241e+01  2.83971260e-01  1.27593863e+10 
 7.90000000e-01  7.88287202e-01  1.10893701e-05  1.10893701e+07  6.20454474e+00  6.66944628e+01  2.93846370e-01  1.31006057e+10 
 8.00000000e-01  7.98180788e-01  1.17783448e-05  1.17783448e+07  6.00867426e+00  6.58625881e+01  3.03717885e-01  1.34376980e+10 
 8.10000000e-01  8.08071427e-01  1.24863927e-05  1.24863927e+07  5.82395949e+00  6.50351901e+01  3.13585845e-01  1.37708959e+10 
 8.20000000e-01  8.17959151e-01  1.32133114e-05  1.32133114e+07  5.64954931e+00  6.42121583e+01  3.23450288e-01  1.41003953e+10 
 8.30000000e-01  8.27843991e-01  1.39589054e-05  1.39589054e+07  5.48465920e+00  6.33932116e+01  3.33311251e-01  1.44263576e+10 
 8.40000000e-01  8.37725976e-01  1.47229846e-05  1.47229846e+07  5.32857284e+00  6.25780097e+01  3.43168768e-01  1.47489124e+10 
 8.50000000e-01  8.47605135e-01  1.55053633e-05  1.55053633e+07  5.18063220e+00  6.17661258e+01  3.53022875e-01  1.50681613e+10 
 8.60000000e-01  8.57481495e-01  1.63058594e-05  1.63058594e+07  5.04023458e+00  6.09570926e+01  3.62873606e-01  1.53841801e+10 
 8.70000000e-01  8.67355085e-01  1.71242927e-05  1.71242927e+07  4.90682858e+00  6.01504275e+01  3.72720994e-01  1.56970224e+10 
 8.80000000e-01  8.77225931e-01  1.79604846e-05  1.79604846e+07  4.77990987e+00  5.93456511e+01  3.82565074e-01  1.60067225e+10 
 8.90000000e-01  8.87094063e-01  1.88142571e-05  1.88142571e+07  4.65901722e+00  5.85423009e+01  3.92405878e-01  1.63132982e+10 
 9.00000000e-01  8.96959506e-01  1.96854323e-05  1.96854323e+07  4.54372884e+00  5.77399417e+01  4.02243439e-01  1.66167529e+10 
 9.10000000e-01  9.06822289e-01  2.05738317e-05  2.05738317e+07  4.43365882e+00  5.69381731e+01  4.12077792e-01  1.69170789e+10 
 9.20000000e-01  9.16682440e-01  2.14792761e-05  2.14792761e+07  4.32845395e+00  5.61366351e+01  4.21908969e-01  1.72142583e+10 
 9.30000000e-01  9.26539986e-01  2.24015847e-05  2.24015847e+07  4.22779077e+00  5.53350112e+01  4.31737005e-01  1.75082659e+10 
 9.40000000e-01  9.36394955e-01  2.33405754e-05  2.33405754e+07  4.13137282e+00  5.45330304e+01  4.41561934e-01  1.77990703e+10 
 9.50000000e-01  9.46247376e-01  2.42960642e-05  2.42960642e+07  4.03892818e+00  5.37304680e+01  4.51383790e-01  1.80866352e+10 
 9.60000000e-01  9.56097277e-01  2.52678653e-05  2.52678653e+07  3.95020721e+00  5.29271452e+01  4.61202608e-01  1.83709212e+10 
 9.70000000e-01  9.65944688e-01  2.62557908e-05  2.62557908e+07  3.86498046e+00  5.21229285e+01  4.71018424e-01  1.86518862e+10 
 9.80000000e-01  9.75789638e-01  2.72596510e-05  2.72596510e+07  3.78303686e+00  5.13177280e+01  4.80831271e-01  1.89294868e+10 
 9.90000000e-01  9.85632156e-01  2.82792538e-05  2.82792538e+07  3.70418199e+00  5.05114957e+01  4.90641188e-01  1.92036789e+10 
 1.00000000e+00  9.95472273e-01  2.93144053e-05  2.93144053e+07  3.62823657e+00  4.97042234e+01  5.00448210e-01  1.94744181e+10 
 1.01000000e+00  1.00531002e+00  3.03649095e-05  3.03649095e+07  3.55503506e+00  4.88959406e+01  5.10252373e-01  1.97416604e+10 
 1.02000000e+00  1.01514542e+00  3.14305686e-05  3.14305686e+07  3.48442447e+00  4.80867119e+01  5.20053716e-01  2.00053628e+10 
 1.03000000e+00  1.02497852e+00  3.25111827e-05  3.25111827e+07  3.41626314e+00  4.72766346e+01  5.29852274e-01  2.02654831e+10 
 1.04000000e+00  1.03480933e+00  3.36065504e-05  3.36065504e+07  3.35041982e+00  4.64658367e+01  5.39648086e-01  2.05219805e+10 
 1.05000000e+00  1.04463790e+00  3.47164683e-05  3.47164683e+07  3.28677268e+00  4.56544737e+01  5.49441191e-01  2.07748159e+10 
 1.06000000e+00  1.05446426e+00  3.58407318e-05  3.58407318e+07  3.22520852e+00  4.48427272e+01  5.59231626e-01  2.10239514e+10 
 1.07000000e+00  1.06428842e+00  3.69791343e-05  3.69791343e+07  3.16562200e+00  4.40308017e+01  5.69019429e-01  2.12693510e+10 
 1.08000000e+00  1.07411044e+00  3.81314684e-05  3.81314684e+07  3.10791499e+00  4.32189233e+01  5.78804641e-01  2.15109804e+10 
 1.09000000e+00  1.08393034e+00  3.92975251e-05  3.92975251e+07  3.05199593e+00  4.24073368e+01  5.88587299e-01  2.17488066e+10 
 1.10000000e+00  1.09374815e+00  4.04770942e-05  4.04770942e+07  2.99777928e+00  4.15963043e+01  5.98367444e-01  2.19827985e+10 
 1.11000000e+00  1.10356391e+00  4.16699645e-05  4.16699645e+07  2.94518503e+00  4.07861029e+01  6.08145115e-01  2.22129263e+10 
 1.12000000e+00  1.11337764e+00  4.28759238e-05  4.28759238e+07  2.89413826e+00  3.99770234e+01  6.17920351e-01  2.24391614e+10 
 1.13000000e+00  1.12318939e+00  4.40947591e-05  4.40947591e+07  2.84456867e+00  3.91693678e+01  6.27693193e-01  2.26614766e+10 
 1.14000000e+00  1.13299918e+00  4.53262564e-05  4.53262564e+07  2.79641029e+00  3.83634485e+01  6.37463680e-01  2.28798456e+10 
 1.15000000e+00  1.14280705e+00  4.65702009e-05  4.65702009e+07  2.74960106e+00  3.75595863e+01  6.47231852e-01  2.30942431e+10 
 1.16000000e+00  1.15261302e+00  4.78263774e-05  4.78263774e+07  2.70408258e+00  3.67581095e+01  6.56997751e-01  2.33046443e+10 
 1.17000000e+00  1.16241715e+00  4.90945696e-05  4.90945696e+07  2.65979980e+00  3.59593517e+01  6.66761416e-01  2.35110250e+10 
 1.18000000e+00  1.17221945e+00  5.03745609e-05  5.03745609e+07  2.61670077e+00  3.51636516e+01  6.76522888e-01  2.37133612e+10 
 1.19000000e+00  1.18201996e+00  5.16661340e-05  5.16661340e+07  2.57473640e+00  3.43713511e+01  6.86282207e-01  2.39116288e+10 
 1.20000000e+00  1.19181872e+00  5.29690712e-05  5.29690712e+07  2.53386025e+00  3.35827946e+01  6.96039415e-01  2.41058036e+10 
 1.21000000e+00  1.20161575e+00  5.42831539e-05  5.42831539e+07  2.49402834e+00  3.27983279e+01  7.05794552e-01  2.42958611e+10 
 1.22000000e+00  1.21141110e+00  5.56081631e-05  5.56081631e+07  2.45519897e+00  3.20182970e+01  7.15547659e-01  2.44817756e+10 
 1.23000000e+00  1.22120479e+00  5.69438795e-05  5.69438795e+07  2.41733254e+00  3.12430479e+01  7.25298777e-01  2.46635210e+10 
 1.24000000e+00  1.23099686e+00  5.82900826e-05  5.82900826e+07  2.38039141e+00  3.04729252e+01  7.35047948e-01  2.48410694e+10 
 1.25000000e+00  1.24078735e+00  5.96465519e-05  5.96465519e+07  2.34433977e+00  2.97082714e+01  7.44795212e-01  2.50143918e+10 
 1.26000000e+00  1.25057629e+00  6.10130657e-05  6.10130657e+07  2.30914348e+00  2.89494266e+01  7.54540611e-01  2.51834570e+10 
 1.27000000e+00  1.26036371e+00  6.23894017e-05  6.23894017e+07  2.27477000e+00  2.81967275e+01  7.64284186e-01  2.53482319e+10 
 1.28000000e+00  1.27014964e+00  6.37753368e-05  6.37753368e+07  2.24118823e+00  2.74505071e+01  7.74025980e-01  2.55086809e+10 
 1.29000000e+00  1.27993413e+00  6.51706470e-05  6.51706470e+07  2.20836843e+00  2.67110936e+01  7.83766035e-01  2.56647656e+10 
 1.30000000e+00  1.28971721e+00  6.65751071e-05  6.65751071e+07  2.17628213e+00  2.59788108e+01  7.93504391e-01  2.58164445e+10 
 1.31000000e+00  1.29949891e+00  6.79884908e-05  6.79884908e+07  2.14490205e+00  2.52539768e+01  8.03241092e-01  2.59636727e+10 
 1.32000000e+00  1.30927926e+00  6.94105705e-05  6.94105705e+07  2.11420197e+00  2.45369040e+01  8.12976180e-01  2.61064016e+10 
 1.33000000e+00  1.31905831e+00  7.08411170e-05  7.08411170e+07  2.08415671e+00  2.38278986e+01  8.22709698e-01  2.62445782e+10 
 1.34000000e+00  1.32883608e+00  7.22798996e-05  7.22798996e+07  2.05474205e+00  2.31272603e+01  8.32441689e-01  2.63781454e+10 
 1.35000000e+00  1.33861262e+00  7.37266857e-05  7.37266857e+07  2.02593461e+00  2.24352819e+01  8.42172196e-01  2.65070409e+10 
 1.36000000e+00  1.34838796e+00  7.51812406e-05  7.51812406e+07  1.99771185e+00  2.17522488e+01  8.51901264e-01  2.66311974e+10 
 1.37000000e+00  1.35816213e+00  7.66433274e-05  7.66433274e+07  1.97005197e+00  2.10784392e+01  8.61628936e-01  2.67505418e+10 
 1.38000000e+00  1.36793518e+00  7.81127066e-05  7.81127066e+07  1.94293389e+00  2.04141234e+01  8.71355258e-01  2.68649951e+10 
 1.39000000e+00  1.37770714e+00  7.95891357e-05  7.95891357e+07  1.91633715e+00  1.97595637e+01  8.81080274e-01  2.69744720e+10 
 1.40000000e+00  1.38747805e+00  8.10723695e-05  8.10723695e+07  1.89024190e+00  1.91150141e+01  8.90804030e-01  2.70788802e+10 
 1.41000000e+00  1.39724794e+00  8.25621590e-05  8.25621590e+07  1.86462883e+00  1.84807201e+01  9.00526573e-01  2.71781204e+10 
 1.42000000e+00  1.40701687e+00  8.40582517e-05  8.40582517e+07  1.83947913e+00  1.78569184e+01  9.10247950e-01  2.72720859e+10 
 1.43000000e+00  1.41678486e+00  8.55603907e-05  8.55603907e+07  1.81477446e+00  1.72438369e+01  9.19968208e-01  2.73606618e+10 
 1.44000000e+00  1.42655195e+00  8.70683147e-05  8.70683147e+07  1.79049688e+00  1.66416943e+01  9.29687398e-01  2.74437253e+10 
 1.45000000e+00  1.43631819e+00  8.85817575e-05  8.85817575e+07  1.76662884e+00  1.60506997e+01  9.39405567e-01  2.75211448e+10 
 1.46000000e+00  1.44608363e+00  9.01004476e-05  9.01004476e+07  1.74315314e+00  1.54710529e+01  9.49122767e-01  2.75927801e+10 
 1.47000000e+00  1.45584829e+00  9.16241073e-05  9.16241073e+07  1.72005287e+00  1.49029434e+01  9.58839050e-01  2.76584819e+10 
 1.48000000e+00  1.46561223e+00  9.31524528e-05  9.31524528e+07  1.69731143e+00  1.43465511e+01  9.68554469e-01  2.77180916e+10 
 1.49000000e+00  1.47537549e+00  9.46851935e-05  9.46851935e+07  1.67491244e+00  1.38020450e+01  9.78269077e-01  2.77714412e+10 
 1.50000000e+00  1.48513812e+00  9.62220313e-05  9.62220313e+07  1.65283976e+00  1.32695839e+01  9.87982931e-01  2.78183533e+10 
 1.51000000e+00  1.49490017e+00  9.77626600e-05  9.77626600e+07  1.63107744e+00  1.27493154e+01  9.97696087e-01  2.78586411e+10 
 1.52000000e+00  1.50466167e+00  9.93067650e-05  9.93067650e+07  1.60960971e+00  1.22413759e+01  1.00740860e+00  2.78921085e+10 
 1.53000000e+00  1.51442269e+00  1.00854023e-04  1.00854023e+08  1.58842099e+00  1.17458903e+01  1.01712054e+00  2.79185505e+10 
 1.54000000e+00  1.52418328e+00  1.02404099e-04  1.02404099e+08  1.56749583e+00  1.12629714e+01  1.02683196e+00  2.79377535e+10 
 1.55000000e+00  1.53394348e+00  1.03956650e-04  1.03956650e+08  1.54681891e+00  1.07927197e+01  1.03654293e+00  2.79494955e+10 
 1.56000000e+00  1.54370335e+00  1.05511321e-04  1.05511321e+08  1.52637509e+00  1.03352229e+01  1.04625352e+00  2.79535476e+10 
 1.57000000e+00  1.55346296e+00  1.07067746e-04  1.07067746e+08  1.50614937e+00  9.89055559e+00  1.05596378e+00  2.79496742e+10 
 1.58000000e+00  1.56322235e+00  1.08625544e-04  1.08625544e+08  1.48612689e+00  9.45877848e+00  1.06567380e+00  2.79376346e+10 
 1.59000000e+00  1.57298159e+00  1.10184325e-04  1.10184325e+08  1.46629298e+00  9.03993813e+00  1.07538364e+00  2.79171842e+10 
 1.60000000e+00  1.58274074e+00  1.11743682e-04  1.11743682e+08  1.44663321e+00  8.63406633e+00  1.08509339e+00  2.78880761e+10 
 1.61000000e+00  1.59249987e+00  1.13303198e-04  1.13303198e+08  1.42713335e+00  8.24117952e+00  1.09480311e+00  2.78500634e+10 
 1.62000000e+00  1.60225904e+00  1.14862438e-04  1.14862438e+08  1.40777950e+00  7.86127819e+00  1.10451289e+00  2.78029009e+10 
 1.63000000e+00  1.61201832e+00  1.16420955e-04  1.16420955e+08  1.38855810e+00  7.49434632e+00  1.11422282e+00  2.77463485e+10 
 1.64000000e+00  1.62177778e+00  1.17978285e-04  1.17978285e+08  1.36945604e+00  7.14035068e+00  1.12393298e+00  2.76801733e+10 
 1.65000000e+00  1.63153750e+00  1.19533951e-04  1.19533951e+08  1.35046072e+00  6.79924030e+00  1.13364345e+00  2.76041536e+10 
 1.66000000e+00  1.64129756e+00  1.21087459e-04  1.21087459e+08  1.33156013e+00  6.47094581e+00  1.14335433e+00  2.75180818e+10 
 1.67000000e+00  1.65105802e+00  1.22638303e-04  1.22638303e+08  1.31274304e+00  6.15537885e+00  1.15306572e+00  2.74217692e+10 
 1.68000000e+00  1.66081898e+00  1.24185962e-04  1.24185962e+08  1.29399901e+00  5.85243157e+00  1.16277771e+00  2.73150497e+10 
 1.69000000e+00  1.67058051e+00  1.25729900e-04  1.25729900e+08  1.27531864e+00  5.56197610e+00  1.17249040e+00  2.71977845e+10 
 1.70000000e+00  1.68034271e+00  1.27269570e-04  1.27269570e+08  1.25669361e+00  5.28386418e+00  1.18220389e+00  2.70698670e+10 
 1.71000000e+00  1.69010564e+00  1.28804415e-04  1.28804415e+08  1.23811690e+00  5.01792685e+00  1.19191829e+00  2.69312274e+10 
 1.72000000e+00  1.69986941e+00  1.30333868e-04  1.30333868e+08  1.21958289e+00  4.76397426e+00  1.20163369e+00  2.67818377e+10 
 1.73000000e+00  1.70963410e+00  1.31857354e-04  1.31857354e+08  1.20108756e+00  4.52179570e+00  1.21135022e+00  2.66217168e+10 
 1.74000000e+00  1.71939981e+00  1.33374292e-04  1.33374292e+08  1.18262853e+00  4.29115970e+00  1.22106798e+00  2.64509343e+10 
 1.75000000e+00  1.72916661e+00  1.34884101e-04  1.34884101e+08  1.16420529e+00  4.07181439e+00  1.23078706e+00  2.62696153e+10 
 1.76000000e+00  1.73893461e+00  1.36386199e-04  1.36386199e+08  1.14581921e+00  3.86348814e+00  1.24050759e+00  2.60779432e+10 
 1.77000000e+00  1.74870388e+00  1.37880007e-04  1.37880007e+08  1.12747364e+00  3.66589027e+00  1.25022967e+00  2.58761627e+10 
 1.78000000e+00  1.75847453e+00  1.39364954e-04  1.39364954e+08  1.10917393e+00  3.47871219e+00  1.25995341e+00  2.56645812e+10 
 1.79000000e+00  1.76824662e+00  1.40840480e-04  1.40840480e+08  1.09092741e+00  3.30162869e+00  1.26967891e+00  2.54435690e+10 
 1.80000000e+00  1.77802026e+00  1.42306038e-04  1.42306038e+08  1.07274335e+00  3.13429947e+00  1.27940626e+00  2.52135586e+10 
