 v-sweep         vsg             id_abs          id_w            gm_id           gm_gds          vov             gm_cgg         
 1.80000000e+00  6.15215181e-08  1.14671982e-10  1.14671982e+02  2.85598685e+01  4.55874905e+01 -3.16811342e-01  2.25902172e+06 
 1.79000000e+00 -9.99991823e-03  1.52405745e-10  1.52405745e+02  2.83299949e+01  4.52285231e+01 -3.26811328e-01  2.98781616e+06 
 1.78000000e+00 -1.99998916e-02  2.02063569e-10  2.02063569e+02  2.80726818e+01  4.48280992e+01 -3.36811309e-01  3.93733582e+06 
 1.77000000e+00 -2.99998567e-02  2.67174059e-10  2.67174059e+02  2.77861882e+01  4.43840645e+01 -3.46811285e-01  5.16769847e+06 
 1.76000000e+00 -3.99998110e-02  3.52200663e-10  3.52200663e+02  2.74690995e+01  4.38949217e+01 -3.56811253e-01  6.75247992e+06 
 1.75000000e+00 -4.99997517e-02  4.62743657e-10  4.62743657e+02  2.71204585e+01  4.33600585e+01 -3.66811211e-01  8.78059505e+06 
 1.74000000e+00 -5.99996750e-02  6.05769077e-10  6.05769077e+02  2.67399043e+01  4.27799852e+01 -3.76811157e-01  1.13580648e+07 
 1.73000000e+00 -6.99995762e-02  7.89863244e-10  7.89863244e+02  2.63278086e+01  4.21565653e+01 -3.86811088e-01  1.46095585e+07 
 1.72000000e+00 -7.99994498e-02  1.02551063e-09  1.02551063e+03  2.58853955e+01  4.14932162e+01 -3.96810999e-01  1.86796221e+07 
 1.71000000e+00 -8.99992889e-02  1.32539241e-09  1.32539241e+03  2.54148306e+01  4.07950551e+01 -4.06810887e-01  2.37335545e+07 
 1.70000000e+00 -9.99990854e-02  1.70470394e-09  1.70470394e+03  2.49192615e+01  4.00689624e+01 -4.16810744e-01  2.99579769e+07 
 1.69000000e+00 -1.09998830e-01  2.18149140e-09  2.18149140e+03  2.44027958e+01  3.93235426e+01 -4.26810565e-01  3.75612458e+07 
 1.68000000e+00 -1.19998510e-01  2.77701187e-09  2.77701187e+03  2.38704075e+01  3.85689672e+01 -4.36810341e-01  4.67739647e+07 
 1.67000000e+00 -1.29998114e-01  3.51612628e-09  3.51612628e+03  2.33277670e+01  3.78166974e+01 -4.46810063e-01  5.78499209e+07 
 1.66000000e+00 -1.39997625e-01  4.42774089e-09  4.42774089e+03  2.27810023e+01  3.70791013e+01 -4.56809720e-01  7.10677818e+07 
 1.65000000e+00 -1.49997025e-01  5.54531875e-09  5.54531875e+03  2.22364065e+01  3.63689892e+01 -4.66809300e-01  8.67337932e+07 
 1.64000000e+00 -1.59996294e-01  6.90748699e-09  6.90748699e+03  2.17001149e+01  3.56991067e+01 -4.76808788e-01  1.05185530e+08 
 1.63000000e+00 -1.69995408e-01  8.55876747e-09  8.55876747e+03  2.11777779e+01  3.50816242e+01 -4.86808168e-01  1.26796466e+08 
 1.62000000e+00 -1.79994340e-01  1.05504558e-08  1.05504558e+04  2.06742602e+01  3.45276635e+01 -4.96807419e-01  1.51980781e+08 
 1.61000000e+00 -1.89993057e-01  1.29416675e-08  1.29416675e+04  2.01933885e+01  3.40468913e+01 -5.06806520e-01  1.81197480e+08 
 1.60000000e+00 -1.99991523e-01  1.58005578e-08  1.58005578e+04  1.97377671e+01  3.36471973e+01 -5.16805445e-01  2.14952577e+08 
 1.59000000e+00 -2.09989696e-01  1.92057082e-08  1.92057082e+04  1.93086716e+01  3.33344620e+01 -5.26804165e-01  2.53797846e+08 
 1.58000000e+00 -2.19987528e-01  2.32476499e-08  2.32476499e+04  1.89060238e+01  3.31124095e+01 -5.36802646e-01  2.98324558e+08 
 1.57000000e+00 -2.29984962e-01  2.80304750e-08  2.80304750e+04  1.85284451e+01  3.29825320e+01 -5.46800848e-01  3.49150613e+08 
 1.56000000e+00 -2.39981934e-01  3.36734580e-08  3.36734580e+04  1.81733827e+01  3.29440752e+01 -5.56798727e-01  4.06899810e+08 
 1.55000000e+00 -2.49978372e-01  4.03125865e-08  4.03125865e+04  1.78372990e+01  3.29940749e+01 -5.66796231e-01  4.72172494e+08 
 1.54000000e+00 -2.59974193e-01  4.81018726e-08  4.81018726e+04  1.75159136e+01  3.31274423e+01 -5.76793303e-01  5.45507805e+08 
 1.53000000e+00 -2.69969305e-01  5.72143036e-08  5.72143036e+04  1.72044865e+01  3.33371031e+01 -5.86789877e-01  6.27338975e+08 
 1.52000000e+00 -2.79963603e-01  6.78422778e-08  6.78422778e+04  1.68981239e+01  3.36141972e+01 -5.96785882e-01  7.17944742e+08 
 1.51000000e+00 -2.89956974e-01  8.01973847e-08  8.01973847e+04  1.65920913e+01  3.39483496e+01 -6.06781237e-01  8.17401530e+08 
 1.50000000e+00 -2.99949296e-01  9.45094183e-08  9.45094183e+04  1.62821080e+01  3.43280153e+01 -6.16775857e-01  9.25542441e+08 
 1.49000000e+00 -3.09940435e-01  1.11024563e-07  1.11024563e+05  1.59646027e+01  3.47408940e+01 -6.26769649e-01  1.04192966e+09 
 1.48000000e+00 -3.19930254e-01  1.30002763e-07  1.30002763e+05  1.56369065e+01  3.51743966e+01 -6.36762514e-01  1.16584643e+09 
 1.47000000e+00 -3.29918605e-01  1.51714370e-07  1.51714370e+05  1.52973691e+01  3.56161365e+01 -6.46754353e-01  1.29631282e+09 
 1.46000000e+00 -3.39905342e-01  1.76436232e-07  1.76436232e+05  1.49453886e+01  3.60544089e+01 -6.56745059e-01  1.43212661e+09 
 1.45000000e+00 -3.49890314e-01  2.04447474e-07  2.04447474e+05  1.45813595e+01  3.64786196e+01 -6.66734529e-01  1.57192682e+09 
 1.44000000e+00 -3.59873372e-01  2.36025237e-07  2.36025237e+05  1.42065491e+01  3.68796277e+01 -6.76722658e-01  1.71427378e+09 
 1.43000000e+00 -3.69854372e-01  2.71440644e-07  2.71440644e+05  1.38229233e+01  3.72499790e+01 -6.86709344e-01  1.85773699e+09 
 1.42000000e+00 -3.79833173e-01  3.10955265e-07  3.10955265e+05  1.34329439e+01  3.75840181e+01 -6.96694489e-01  2.00098082e+09 
 1.41000000e+00 -3.89809640e-01  3.54818243e-07  3.54818243e+05  1.30393618e+01  3.78778823e+01 -7.06678000e-01  2.14283887e+09 
 1.40000000e+00 -3.99783649e-01  4.03264220e-07  4.03264220e+05  1.26450235e+01  3.81293937e+01 -7.16659787e-01  2.28236972e+09 
 1.39000000e+00 -4.09755081e-01  4.56512072e-07  4.56512072e+05  1.22527073e+01  3.83378732e+01 -7.26639769e-01  2.41889040e+09 
 1.38000000e+00 -4.19723829e-01  5.14764441e-07  5.14764441e+05  1.18649955e+01  3.85039033e+01 -7.36617869e-01  2.55198676e+09 
 1.37000000e+00 -4.29689791e-01  5.78207957e-07  5.78207957e+05  1.14841852e+01  3.86290677e+01 -7.46594018e-01  2.68150333e+09 
 1.36000000e+00 -4.39652877e-01  6.47014021e-07  6.47014021e+05  1.11122350e+01  3.87156908e+01 -7.56568150e-01  2.80751693e+09 
 1.35000000e+00 -4.49613001e-01  7.21340021e-07  7.21340021e+05  1.07507437e+01  3.87665949e+01 -7.66540207e-01  2.93029943e+09 
 1.34000000e+00 -4.59570086e-01  8.01330814e-07  8.01330814e+05  1.04009527e+01  3.87848865e+01 -7.76510133e-01  3.05027496e+09 
 1.33000000e+00 -4.69524060e-01  8.87120375e-07  8.87120375e+05  1.00637666e+01  3.87737789e+01 -7.86477879e-01  3.16797631e+09 
 1.32000000e+00 -4.79474856e-01  9.78833472e-07  9.78833472e+05  9.73978568e+00  3.87364513e+01 -7.96443398e-01  3.28400401e+09 
 1.31000000e+00 -4.89422411e-01  1.07658731e-06  1.07658731e+06  9.42934373e+00  3.86759443e+01 -8.06406645e-01  3.39899046e+09 
 1.30000000e+00 -4.99366665e-01  1.18049306e-06  1.18049306e+06  9.13254910e+00  3.85950863e+01 -8.16367578e-01  3.51357044e+09 
 1.29000000e+00 -5.09307562e-01  1.29065726e-06  1.29065726e+06  8.84932452e+00  3.84964478e+01 -8.26326157e-01  3.62835816e+09 
 1.28000000e+00 -5.19245046e-01  1.40718305e-06  1.40718305e+06  8.57944438e+00  3.83823164e+01 -8.36282344e-01  3.74393076e+09 
 1.27000000e+00 -5.29179063e-01  1.53017118e-06  1.53017118e+06  8.32256830e+00  3.82546898e+01 -8.46236100e-01  3.86081731e+09 
 1.26000000e+00 -5.39109560e-01  1.65972094e-06  1.65972094e+06  8.07827035e+00  3.81152800e+01 -8.56187388e-01  3.97949254e+09 
 1.25000000e+00 -5.49036483e-01  1.79593088e-06  1.79593088e+06  7.84606398e+00  3.79655272e+01 -8.66136170e-01  4.10037433e+09 
 1.24000000e+00 -5.58959781e-01  1.93889934e-06  1.93889934e+06  7.62542260e+00  3.78066184e+01 -8.76082410e-01  4.22382390e+09 
 1.23000000e+00 -5.68879399e-01  2.08872492e-06  2.08872492e+06  7.41579648e+00  3.76395101e+01 -8.86026071e-01  4.35014806e+09 
 1.22000000e+00 -5.78795286e-01  2.24550680e-06  2.24550680e+06  7.21662606e+00  3.74649516e+01 -8.95967114e-01  4.47960274e+09 
 1.21000000e+00 -5.88707386e-01  2.40934499e-06  2.40934499e+06  7.02735252e+00  3.72835094e+01 -9.05905501e-01  4.61239728e+09 
 1.20000000e+00 -5.98615647e-01  2.58034042e-06  2.58034042e+06  6.84742568e+00  3.70955900e+01 -9.15841196e-01  4.74869908e+09 
 1.19000000e+00 -6.08520014e-01  2.75859506e-06  2.75859506e+06  6.67630995e+00  3.69014617e+01 -9.25774159e-01  4.88863838e+09 
 1.18000000e+00 -6.18420430e-01  2.94421194e-06  2.94421194e+06  6.51348857e+00  3.67012756e+01 -9.35704351e-01  5.03231277e+09 
 1.17000000e+00 -6.28316841e-01  3.13729507e-06  3.13729507e+06  6.35846646e+00  3.64950833e+01 -9.45631733e-01  5.17979153e+09 
 1.16000000e+00 -6.38209190e-01  3.33794945e-06  3.33794945e+06  6.21077206e+00  3.62828542e+01 -9.55556265e-01  5.33111958e+09 
 1.15000000e+00 -6.48097420e-01  3.54628089e-06  3.54628089e+06  6.06995825e+00  3.60644903e+01 -9.65477907e-01  5.48632101e+09 
 1.14000000e+00 -6.57981475e-01  3.76239596e-06  3.76239596e+06  5.93560272e+00  3.58398396e+01 -9.75396618e-01  5.64540221e+09 
 1.13000000e+00 -6.67861295e-01  3.98640184e-06  3.98640184e+06  5.80730776e+00  3.56087075e+01 -9.85312359e-01  5.80835465e+09 
 1.12000000e+00 -6.77736825e-01  4.21840612e-06  4.21840612e+06  5.68469975e+00  3.53708678e+01 -9.95225088e-01  5.97515720e+09 
 1.11000000e+00 -6.87608006e-01  4.45851669e-06  4.45851669e+06  5.56742841e+00  3.51260716e+01 -1.00513476e+00  6.14577817e+09 
 1.10000000e+00 -6.97474780e-01  4.70684155e-06  4.70684155e+06  5.45516580e+00  3.48740553e+01 -1.01504135e+00  6.32017702e+09 
 1.09000000e+00 -7.07337088e-01  4.96348865e-06  4.96348865e+06  5.34760527e+00  3.46145479e+01 -1.02494479e+00  6.49830574e+09 
 1.08000000e+00 -7.17194875e-01  5.22856566e-06  5.22856566e+06  5.24446035e+00  3.43472772e+01 -1.03484507e+00  6.68011009e+09 
 1.07000000e+00 -7.27048081e-01  5.50217986e-06  5.50217986e+06  5.14546354e+00  3.40719756e+01 -1.04474212e+00  6.86553049e+09 
 1.06000000e+00 -7.36896649e-01  5.78443788e-06  5.78443788e+06  5.05036522e+00  3.37883849e+01 -1.05463592e+00  7.05450283e+09 
 1.05000000e+00 -7.46740523e-01  6.07544555e-06  6.07544555e+06  4.95893244e+00  3.34962609e+01 -1.06452643e+00  7.24695906e+09 
 1.04000000e+00 -7.56579647e-01  6.37530768e-06  6.37530768e+06  4.87094786e+00  3.31953774e+01 -1.07441359e+00  7.44282765e+09 
 1.03000000e+00 -7.66413965e-01  6.68412792e-06  6.68412792e+06  4.78620868e+00  3.28855297e+01 -1.08429738e+00  7.64203397e+09 
 1.02000000e+00 -7.76243422e-01  7.00200849e-06  7.00200849e+06  4.70452563e+00  3.25665379e+01 -1.09417775e+00  7.84450049e+09 
 1.01000000e+00 -7.86067965e-01  7.32905004e-06  7.32905004e+06  4.62572200e+00  3.22382501e+01 -1.10405467e+00  8.05014701e+09 
 1.00000000e+00 -7.95887539e-01  7.66535143e-06  7.66535143e+06  4.54963276e+00  3.19005445e+01 -1.11392810e+00  8.25889068e+09 
 9.90000000e-01 -8.05702093e-01  8.01100951e-06  8.01100951e+06  4.47610372e+00  3.15533322e+01 -1.12379800e+00  8.47064613e+09 
 9.80000000e-01 -8.15511577e-01  8.36611897e-06  8.36611897e+06  4.40499074e+00  3.11965593e+01 -1.13366434e+00  8.68532539e+09 
 9.70000000e-01 -8.25315941e-01  8.73077208e-06  8.73077208e+06  4.33615899e+00  3.08302085e+01 -1.14352707e+00  8.90283787e+09 
 9.60000000e-01 -8.35115136e-01  9.10505851e-06  9.10505851e+06  4.26948228e+00  3.04543008e+01 -1.15338617e+00  9.12309027e+09 
 9.50000000e-01 -8.44909117e-01  9.48906513e-06  9.48906513e+06  4.20484242e+00  3.00688971e+01 -1.16324160e+00  9.34598651e+09 
 9.40000000e-01 -8.54697837e-01  9.88287579e-06  9.88287579e+06  4.14212866e+00  2.96740990e+01 -1.17309333e+00  9.57142759e+09 
 9.30000000e-01 -8.64481255e-01  1.02865711e-05  1.02865711e+07  4.08123712e+00  2.92700497e+01 -1.18294134e+00  9.79931145e+09 
 9.20000000e-01 -8.74259328e-01  1.07002282e-05  1.07002282e+07  4.02207034e+00  2.88569343e+01 -1.19278558e+00  1.00295328e+10 
 9.10000000e-01 -8.84032017e-01  1.11239206e-05  1.11239206e+07  3.96453676e+00  2.84349807e+01 -1.20262603e+00  1.02619831e+10 
 9.00000000e-01 -8.93799284e-01  1.15577179e-05  1.15577179e+07  3.90855032e+00  2.80044587e+01 -1.21246266e+00  1.04965502e+10 
 8.90000000e-01 -9.03561096e-01  1.20016857e-05  1.20016857e+07  3.85403012e+00  2.75656801e+01 -1.22229545e+00  1.07331183e+10 
 8.80000000e-01 -9.13317418e-01  1.24558852e-05  1.24558852e+07  3.80089997e+00  2.71189981e+01 -1.23212438e+00  1.09715680e+10 
 8.70000000e-01 -9.23068220e-01  1.29203729e-05  1.29203729e+07  3.74908815e+00  2.66648059e+01 -1.24194942e+00  1.12117757e+10 
 8.60000000e-01 -9.32813475e-01  1.33952009e-05  1.33952009e+07  3.69852701e+00  2.62035354e+01 -1.25177055e+00  1.14536138e+10 
 8.50000000e-01 -9.42553157e-01  1.38804159e-05  1.38804159e+07  3.64915280e+00  2.57356560e+01 -1.26158776e+00  1.16969505e+10 
 8.40000000e-01 -9.52287244e-01  1.43760596e-05  1.43760596e+07  3.60090531e+00  2.52616718e+01 -1.27140102e+00  1.19416498e+10 
 8.30000000e-01 -9.62015717e-01  1.48821683e-05  1.48821683e+07  3.55372769e+00  2.47821201e+01 -1.28121032e+00  1.21875710e+10 
 8.20000000e-01 -9.71738559e-01  1.53987726e-05  1.53987726e+07  3.50756622e+00  2.42975681e+01 -1.29101566e+00  1.24345691e+10 
 8.10000000e-01 -9.81455756e-01  1.59258969e-05  1.59258969e+07  3.46237009e+00  2.38086106e+01 -1.30081701e+00  1.26824942e+10 
 8.00000000e-01 -9.91167300e-01  1.64635600e-05  1.64635600e+07  3.41809124e+00  2.33158663e+01 -1.31061438e+00  1.29311920e+10 
 7.90000000e-01 -1.00087318e+00  1.70117738e-05  1.70117738e+07  3.37468418e+00  2.28199749e+01 -1.32040775e+00  1.31805033e+10 
 7.80000000e-01 -1.01057340e+00  1.75705441e-05  1.75705441e+07  3.33210583e+00  2.23215932e+01 -1.33019712e+00  1.34302642e+10 
 7.70000000e-01 -1.02026796e+00  1.81398696e-05  1.81398696e+07  3.29031536e+00  2.18213918e+01 -1.33998250e+00  1.36803058e+10 
 7.60000000e-01 -1.02995686e+00  1.87197422e-05  1.87197422e+07  3.24927408e+00  2.13200506e+01 -1.34976388e+00  1.39304547e+10 
 7.50000000e-01 -1.03964011e+00  1.93101463e-05  1.93101463e+07  3.20894531e+00  2.08182556e+01 -1.35954127e+00  1.41805325e+10 
 7.40000000e-01 -1.04931772e+00  1.99110591e-05  1.99110591e+07  3.16929427e+00  2.03166942e+01 -1.36931467e+00  1.44303561e+10 
 7.30000000e-01 -1.05898971e+00  2.05224501e-05  2.05224501e+07  3.13028796e+00  1.98160521e+01 -1.37908410e+00  1.46797379e+10 
 7.20000000e-01 -1.06865609e+00  2.11442811e-05  2.11442811e+07  3.09189508e+00  1.93170085e+01 -1.38884958e+00  1.49284855e+10 
 7.10000000e-01 -1.07831690e+00  2.17765056e-05  2.17765056e+07  3.05408592e+00  1.88202330e+01 -1.39861111e+00  1.51764021e+10 
 7.00000000e-01 -1.08797217e+00  2.24190691e-05  2.24190691e+07  3.01683231e+00  1.83263813e+01 -1.40836871e+00  1.54232867e+10 
 6.90000000e-01 -1.09762192e+00  2.30719087e-05  2.30719087e+07  2.98010751e+00  1.78360923e+01 -1.41812242e+00  1.56689339e+10 
 6.80000000e-01 -1.10726620e+00  2.37349529e-05  2.37349529e+07  2.94388617e+00  1.73499843e+01 -1.42787225e+00  1.59131344e+10 
 6.70000000e-01 -1.11690504e+00  2.44081215e-05  2.44081215e+07  2.90814425e+00  1.68686522e+01 -1.43761823e+00  1.61556753e+10 
 6.60000000e-01 -1.12653850e+00  2.50913257e-05  2.50913257e+07  2.87285895e+00  1.63926643e+01 -1.44736040e+00  1.63963397e+10 
 6.50000000e-01 -1.13616663e+00  2.57844674e-05  2.57844674e+07  2.83800867e+00  1.59225605e+01 -1.45709879e+00  1.66349079e+10 
 6.40000000e-01 -1.14578949e+00  2.64874396e-05  2.64874396e+07  2.80357297e+00  1.54588494e+01 -1.46683344e+00  1.68711568e+10 
 6.30000000e-01 -1.15540713e+00  2.72001261e-05  2.72001261e+07  2.76953247e+00  1.50020066e+01 -1.47656439e+00  1.71048607e+10 
 6.20000000e-01 -1.16501963e+00  2.79224014e-05  2.79224014e+07  2.73586888e+00  1.45524732e+01 -1.48629170e+00  1.73357916e+10 
 6.10000000e-01 -1.17462706e+00  2.86541308e-05  2.86541308e+07  2.70256489e+00  1.41106549e+01 -1.49601540e+00  1.75637193e+10 
 6.00000000e-01 -1.18422949e+00  2.93951700e-05  2.93951700e+07  2.66960418e+00  1.36769202e+01 -1.50573556e+00  1.77884121e+10 
 5.90000000e-01 -1.19382701e+00  3.01453655e-05  3.01453655e+07  2.63697135e+00  1.32516009e+01 -1.51545222e+00  1.80096370e+10 
 5.80000000e-01 -1.20341971e+00  3.09045542e-05  3.09045542e+07  2.60465189e+00  1.28349912e+01 -1.52516546e+00  1.82271599e+10 
 5.70000000e-01 -1.21300767e+00  3.16725637e-05  3.16725637e+07  2.57263219e+00  1.24273477e+01 -1.53487533e+00  1.84407466e+10 
 5.60000000e-01 -1.22259100e+00  3.24492119e-05  3.24492119e+07  2.54089942e+00  1.20288901e+01 -1.54458190e+00  1.86501627e+10 
 5.50000000e-01 -1.23216979e+00  3.32343079e-05  3.32343079e+07  2.50944160e+00  1.16398016e+01 -1.55428525e+00  1.88551744e+10 
 5.40000000e-01 -1.24174417e+00  3.40276508e-05  3.40276508e+07  2.47824749e+00  1.12602299e+01 -1.56398544e+00  1.90555486e+10 
 5.30000000e-01 -1.25131422e+00  3.48290311e-05  3.48290311e+07  2.44730660e+00  1.08902879e+01 -1.57368255e+00  1.92510539e+10 
 5.20000000e-01 -1.26088009e+00  3.56382299e-05  3.56382299e+07  2.41660917e+00  1.05300555e+01 -1.58337668e+00  1.94414606e+10 
 5.10000000e-01 -1.27044188e+00  3.64550193e-05  3.64550193e+07  2.38614612e+00  1.01795804e+01 -1.59306789e+00  1.96265414e+10 
 5.00000000e-01 -1.27999973e+00  3.72791627e-05  3.72791627e+07  2.35590902e+00  9.83888022e+00 -1.60275629e+00  1.98060719e+10 
 4.90000000e-01 -1.28955376e+00  3.81104148e-05  3.81104148e+07  2.32589009e+00  9.50794396e+00 -1.61244196e+00  1.99798310e+10 
 4.80000000e-01 -1.29910412e+00  3.89485219e-05  3.89485219e+07  2.29608215e+00  9.18673372e+00 -1.62212500e+00  2.01476016e+10 
 4.70000000e-01 -1.30865094e+00  3.97932219e-05  3.97932219e+07  2.26647862e+00  8.87518665e+00 -1.63180550e+00  2.03091705e+10 
 4.60000000e-01 -1.31819436e+00  4.06442450e-05  4.06442450e+07  2.23707345e+00  8.57321679e+00 -1.64148357e+00  2.04643296e+10 
 4.50000000e-01 -1.32773455e+00  4.15013133e-05  4.15013133e+07  2.20786115e+00  8.28071703e+00 -1.65115931e+00  2.06128758e+10 
 4.40000000e-01 -1.33727164e+00  4.23641416e-05  4.23641416e+07  2.17883672e+00  7.99756095e+00 -1.66083283e+00  2.07546117e+10 
 4.30000000e-01 -1.34680580e+00  4.32324377e-05  4.32324377e+07  2.14999564e+00  7.72360481e+00 -1.67050423e+00  2.08893459e+10 
 4.20000000e-01 -1.35633718e+00  4.41059022e-05  4.41059022e+07  2.12133385e+00  7.45868935e+00 -1.68017364e+00  2.10168934e+10 
 4.10000000e-01 -1.36586596e+00  4.49842293e-05  4.49842293e+07  2.09284772e+00  7.20264164e+00 -1.68984116e+00  2.11370760e+10 
 4.00000000e-01 -1.37539230e+00  4.58671072e-05  4.58671072e+07  2.06453403e+00  6.95527685e+00 -1.69950691e+00  2.12497226e+10 
 3.90000000e-01 -1.38491636e+00  4.67542179e-05  4.67542179e+07  2.03638992e+00  6.71639994e+00 -1.70917102e+00  2.13546697e+10 
 3.80000000e-01 -1.39443833e+00  4.76452382e-05  4.76452382e+07  2.00841292e+00  6.48580728e+00 -1.71883360e+00  2.14517613e+10 
 3.70000000e-01 -1.40395838e+00  4.85398395e-05  4.85398395e+07  1.98060087e+00  6.26328816e+00 -1.72849477e+00  2.15408495e+10 
 3.60000000e-01 -1.41347668e+00  4.94376889e-05  4.94376889e+07  1.95295192e+00  6.04862630e+00 -1.73815467e+00  2.16217948e+10 
 3.50000000e-01 -1.42299342e+00  5.03384487e-05  5.03384487e+07  1.92546452e+00  5.84160113e+00 -1.74781343e+00  2.16944659e+10 
 3.40000000e-01 -1.43250879e+00  5.12417778e-05  5.12417778e+07  1.89813735e+00  5.64198910e+00 -1.75747116e+00  2.17587404e+10 
 3.30000000e-01 -1.44202296e+00  5.21473311e-05  5.21473311e+07  1.87096939e+00  5.44956481e+00 -1.76712800e+00  2.18145047e+10 
 3.20000000e-01 -1.45153612e+00  5.30547606e-05  5.30547606e+07  1.84395978e+00  5.26410208e+00 -1.77678409e+00  2.18616539e+10 
 3.10000000e-01 -1.46104847e+00  5.39637158e-05  5.39637158e+07  1.81710792e+00  5.08537496e+00 -1.78643955e+00  2.19000925e+10 
 3.00000000e-01 -1.47056018e+00  5.48738436e-05  5.48738436e+07  1.79041334e+00  4.91315854e+00 -1.79609451e+00  2.19297340e+10 
 2.90000000e-01 -1.48007146e+00  5.57847893e-05  5.57847893e+07  1.76387578e+00  4.74722981e+00 -1.80574913e+00  2.19505013e+10 
 2.80000000e-01 -1.48958249e+00  5.66961965e-05  5.66961965e+07  1.73749511e+00  4.58736831e+00 -1.81540351e+00  2.19623265e+10 
 2.70000000e-01 -1.49909346e+00  5.76077080e-05  5.76077080e+07  1.71127132e+00  4.43335677e+00 -1.82505781e+00  2.19651512e+10 
 2.60000000e-01 -1.50860457e+00  5.85189659e-05  5.85189659e+07  1.68520454e+00  4.28498165e+00 -1.83471216e+00  2.19589264e+10 
 2.50000000e-01 -1.51811601e+00  5.94296121e-05  5.94296121e+07  1.65929501e+00  4.14203359e+00 -1.84436670e+00  2.19436124e+10 
 2.40000000e-01 -1.52762797e+00  6.03392887e-05  6.03392887e+07  1.63354304e+00  4.00430784e+00 -1.85402156e+00  2.19191791e+10 
 2.30000000e-01 -1.53714064e+00  6.12476382e-05  6.12476382e+07  1.60794902e+00  3.87160456e+00 -1.86367687e+00  2.18856060e+10 
 2.20000000e-01 -1.54665422e+00  6.21543043e-05  6.21543043e+07  1.58251344e+00  3.74372911e+00 -1.87333277e+00  2.18428819e+10 
 2.10000000e-01 -1.55616888e+00  6.30589320e-05  6.30589320e+07  1.55723682e+00  3.62049226e+00 -1.88298941e+00  2.17910052e+10 
 2.00000000e-01 -1.56568483e+00  6.39611679e-05  6.39611679e+07  1.53211975e+00  3.50171036e+00 -1.89264690e+00  2.17299840e+10 
 1.90000000e-01 -1.57520226e+00  6.48606608e-05  6.48606608e+07  1.50716286e+00  3.38720546e+00 -1.90230539e+00  2.16598358e+10 
 1.80000000e-01 -1.58472134e+00  6.57570620e-05  6.57570620e+07  1.48236681e+00  3.27680538e+00 -1.91196501e+00  2.15805878e+10 
 1.70000000e-01 -1.59424226e+00  6.66500254e-05  6.66500254e+07  1.45773230e+00  3.17034378e+00 -1.92162588e+00  2.14922769e+10 
 1.60000000e-01 -1.60376521e+00  6.75392083e-05  6.75392083e+07  1.43326007e+00  3.06766012e+00 -1.93128815e+00  2.13949497e+10 
 1.50000000e-01 -1.61329038e+00  6.84242713e-05  6.84242713e+07  1.40895085e+00  2.96859971e+00 -1.94095194e+00  2.12886627e+10 
 1.40000000e-01 -1.62281793e+00  6.93048788e-05  6.93048788e+07  1.38480542e+00  2.87301360e+00 -1.95061738e+00  2.11734822e+10 
 1.30000000e-01 -1.63234805e+00  7.01806992e-05  7.01806992e+07  1.36082456e+00  2.78075853e+00 -1.96028459e+00  2.10494846e+10 
 1.20000000e-01 -1.64188092e+00  7.10514057e-05  7.10514057e+07  1.33700907e+00  2.69169686e+00 -1.96995371e+00  2.09167564e+10 
 1.10000000e-01 -1.65141670e+00  7.19166756e-05  7.19166756e+07  1.31335976e+00  2.60569645e+00 -1.97962485e+00  2.07753943e+10 
 1.00000000e-01 -1.66095557e+00  7.27761918e-05  7.27761918e+07  1.28987744e+00  2.52263055e+00 -1.98929813e+00  2.06255054e+10 
 9.00000000e-02 -1.67049770e+00  7.36296419e-05  7.36296419e+07  1.26656293e+00  2.44237766e+00 -1.99897368e+00  2.04672075e+10 
 8.00000000e-02 -1.68004324e+00  7.44767193e-05  7.44767193e+07  1.24341708e+00  2.36482140e+00 -2.00865161e+00  2.03006289e+10 
 7.00000000e-02 -1.68959236e+00  7.53171233e-05  7.53171233e+07  1.22044071e+00  2.28985036e+00 -2.01833203e+00  2.01259088e+10 
 6.00000000e-02 -1.69914523e+00  7.61505588e-05  7.61505588e+07  1.19763466e+00  2.21735795e+00 -2.02801507e+00  1.99431973e+10 
 5.00000000e-02 -1.70870198e+00  7.69767372e-05  7.69767372e+07  1.17499979e+00  2.14724224e+00 -2.03770083e+00  1.97526558e+10 
 4.00000000e-02 -1.71826278e+00  7.77953763e-05  7.77953763e+07  1.15253694e+00  2.07940580e+00 -2.04738942e+00  1.95544566e+10 
 3.00000000e-02 -1.72782777e+00  7.86062005e-05  7.86062005e+07  1.13024695e+00  2.01375556e+00 -2.05708095e+00  1.93487833e+10 
 2.00000000e-02 -1.73739710e+00  7.94089412e-05  7.94089412e+07  1.10813069e+00  1.95020261e+00 -2.06677552e+00  1.91358307e+10 
 1.00000000e-02 -1.74697091e+00  8.02033366e-05  8.02033366e+07  1.08618900e+00  1.88866208e+00 -2.07647322e+00  1.89158050e+10 
-1.41900380e-15 -1.75654933e+00  8.09891324e-05  8.09891324e+07  1.06442275e+00  1.82905296e+00 -2.08617417e+00  1.86889230e+10 
