 v-sweep         vgs             id              id_w            gm_id           gm_gds          vov             gm_cgg         
 0.00000000e+00 -7.55297262e-10  4.89011138e-12  4.89011138e+00  2.15811752e+01  2.13810769e+01 -6.01522691e-01  3.29464272e+05 
 1.00000000e-02  9.99999908e-03  6.06793297e-12  6.06793297e+00  2.15793804e+01  2.13861577e+01 -5.91522692e-01  4.08566512e+05 
 2.00000000e-02  1.99999988e-02  7.52929943e-12  7.52929943e+00  2.15773824e+01  2.13911771e+01 -5.81522692e-01  5.06458638e+05 
 3.00000000e-02  2.99999986e-02  9.34241603e-12  9.34241603e+00  2.15751584e+01  2.13961280e+01 -5.71522692e-01  6.27547862e+05 
 4.00000000e-02  3.99999982e-02  1.15918737e-11  1.15918737e+01  2.15726831e+01  2.14010023e+01 -5.61522693e-01  7.77259797e+05 
 5.00000000e-02  4.99999978e-02  1.43825779e-11  1.43825779e+01  2.15699283e+01  2.14057911e+01 -5.51522693e-01  9.62269702e+05 
 6.00000000e-02  5.99999972e-02  1.78446156e-11  1.78446156e+01  2.15668627e+01  2.14104845e+01 -5.41522694e-01  1.19078519e+06 
 7.00000000e-02  6.99999966e-02  2.21392859e-11  2.21392859e+01  2.15634518e+01  2.14150716e+01 -5.31522695e-01  1.47289158e+06 
 8.00000000e-02  7.99999958e-02  2.74665673e-11  2.74665673e+01  2.15596571e+01  2.14195403e+01 -5.21522696e-01  1.82097340e+06 
 9.00000000e-02  8.99999947e-02  3.40743649e-11  3.40743649e+01  2.15554360e+01  2.14238772e+01 -5.11522697e-01  2.25022858e+06 
 1.00000000e-01  9.99999935e-02  4.22699574e-11  4.22699574e+01  2.15507413e+01  2.14280673e+01 -5.01522698e-01  2.77929496e+06 
 1.10000000e-01  1.09999992e-01  5.24341625e-11  5.24341625e+01  2.15455210e+01  2.14320944e+01 -4.91522700e-01  3.43101326e+06 
 1.20000000e-01  1.19999990e-01  6.50388629e-11  6.50388629e+01  2.15397172e+01  2.14359403e+01 -4.81522703e-01  4.23335535e+06 
 1.30000000e-01  1.29999988e-01  8.06686801e-11  8.06686801e+01  2.15332661e+01  2.14395850e+01 -4.71522706e-01  5.22055262e+06 
 1.40000000e-01  1.39999985e-01  1.00047769e-10  1.00047769e+02  2.15260975e+01  2.14430067e+01 -4.61522709e-01  6.43446635e+06 
 1.50000000e-01  1.49999981e-01  1.24072926e-10  1.24072926e+02  2.15181335e+01  2.14461811e+01 -4.51522714e-01  7.92625061e+06 
 1.60000000e-01  1.59999976e-01  1.53854486e-10  1.53854486e+02  2.15092886e+01  2.14490818e+01 -4.41522720e-01  9.75836792e+06 
 1.70000000e-01  1.69999971e-01  1.90766800e-10  1.90766800e+02  2.14994688e+01  2.14516798e+01 -4.31522727e-01  1.20070302e+07 
 1.80000000e-01  1.79999963e-01  2.36510519e-10  2.36510519e+02  2.14885705e+01  2.14539433e+01 -4.21522735e-01  1.47651516e+07 
 1.90000000e-01  1.89999955e-01  2.93189376e-10  2.93189376e+02  2.14764804e+01  2.14558379e+01 -4.11522746e-01  1.81459165e+07 
 2.00000000e-01  1.99999944e-01  3.63404798e-10  3.63404798e+02  2.14630744e+01  2.14573259e+01 -4.01522759e-01  2.22870854e+07 
 2.10000000e-01  2.09999930e-01  4.50372361e-10  4.50372361e+02  2.14482169e+01  2.14583666e+01 -3.91522776e-01  2.73561855e+07 
 2.20000000e-01  2.19999914e-01  5.58065047e-10  5.58065047e+02  2.14317601e+01  2.14589163e+01 -3.81522796e-01  3.35567578e+07 
 2.30000000e-01  2.29999893e-01  6.91389272e-10  6.91389272e+02  2.14135435e+01  2.14589279e+01 -3.71522821e-01  4.11358664e+07 
 2.40000000e-01  2.39999868e-01  8.56400957e-10  8.56400957e+02  2.13933932e+01  2.14583510e+01 -3.61522853e-01  5.03931093e+07 
 2.50000000e-01  2.49999836e-01  1.06057047e-09  1.06057047e+03  2.13711214e+01  2.14571323e+01 -3.51522891e-01  6.16914133e+07 
 2.60000000e-01  2.59999797e-01  1.31310706e-09  1.31310706e+03  2.13465264e+01  2.14552157e+01 -3.41522939e-01  7.54699424e+07 
 2.70000000e-01  2.69999749e-01  1.62535558e-09  1.62535558e+03  2.13193923e+01  2.14525428e+01 -3.31522998e-01  9.22595033e+07 
 2.80000000e-01  2.79999689e-01  2.01128091e-09  2.01128091e+03  2.12894894e+01  2.14490534e+01 -3.21523071e-01  1.12700892e+08 
 2.90000000e-01  2.89999616e-01  2.48805855e-09  2.48805855e+03  2.12565747e+01  2.14446863e+01 -3.11523161e-01  1.37566694e+08 
 3.00000000e-01  2.99999525e-01  3.07679324e-09  3.07679324e+03  2.12203935e+01  2.14393809e+01 -3.01523273e-01  1.67787126e+08 
 3.10000000e-01  3.09999413e-01  3.80339189e-09  3.80339189e+03  2.11806807e+01  2.14330786e+01 -2.91523410e-01  2.04480595e+08 
 3.20000000e-01  3.19999274e-01  4.69962174e-09  4.69962174e+03  2.11371636e+01  2.14257247e+01 -2.81523580e-01  2.48989734e+08 
 3.30000000e-01  3.29999103e-01  5.80439028e-09  5.80439028e+03  2.10895653e+01  2.14172714e+01 -2.71523789e-01  3.02923797e+08 
 3.40000000e-01  3.39998893e-01  7.16529001e-09  7.16529001e+03  2.10376091e+01  2.14076810e+01 -2.61524047e-01  3.68208387e+08 
 3.50000000e-01  3.49998635e-01  8.84045842e-09  8.84045842e+03  2.09810241e+01  2.13969301e+01 -2.51524364e-01  4.47143650e+08 
 3.60000000e-01  3.59998316e-01  1.09008121e-08  1.09008121e+04  2.09195523e+01  2.13850147e+01 -2.41524754e-01  5.42472196e+08 
 3.70000000e-01  3.69997925e-01  1.34327238e-08  1.34327238e+04  2.08529567e+01  2.13719567e+01 -2.31525233e-01  6.57458227e+08 
 3.80000000e-01  3.79997445e-01  1.65412219e-08  1.65412219e+04  2.07810315e+01  2.13578106e+01 -2.21525822e-01  7.95979542e+08 
 3.90000000e-01  3.89996856e-01  2.03538059e-08  2.03538059e+04  2.07036131e+01  2.13426727e+01 -2.11526544e-01  9.62634407e+08 
 4.00000000e-01  3.99996135e-01  2.50249855e-08  2.50249855e+04  2.06205924e+01  2.13266905e+01 -2.01527428e-01  1.16286565e+09 
 4.10000000e-01  4.09995252e-01  3.07416697e-08  3.07416697e+04  2.05319286e+01  2.13100737e+01 -1.91528510e-01  1.40310480e+09 
 4.20000000e-01  4.19994173e-01  3.77295531e-08  3.77295531e+04  2.04376626e+01  2.12931062e+01 -1.81529833e-01  1.69093981e+09 
 4.30000000e-01  4.29992855e-01  4.62606732e-08  4.62606732e+04  2.03379297e+01  2.12761584e+01 -1.71531448e-01  2.03531052e+09 
 4.40000000e-01  4.39991248e-01  5.66623432e-08  5.66623432e+04  2.02329708e+01  2.12596991e+01 -1.61533417e-01  2.44673728e+09 
 4.50000000e-01  4.49989292e-01  6.93277034e-08  6.93277034e+04  2.01231397e+01  2.12443070e+01 -1.51535814e-01  2.93758894e+09 
 4.60000000e-01  4.59986913e-01  8.47281789e-08  8.47281789e+04  2.00089039e+01  2.12306786e+01 -1.41538730e-01  3.52239789e+09 
 4.70000000e-01  4.69984025e-01  1.03428186e-07  1.03428186e+05  1.98908376e+01  2.12196326e+01 -1.31542270e-01  4.21823072e+09 
 4.80000000e-01  4.79980523e-01  1.26102489e-07  1.26102489e+05  1.97696029e+01  2.12121074e+01 -1.21546562e-01  5.04512344e+09 
 4.90000000e-01  4.89976283e-01  1.53556665e-07  1.53556665e+05  1.96459160e+01  2.12091492e+01 -1.11551759e-01  6.02658985e+09 
 5.00000000e-01  4.99971156e-01  1.86751210e-07  1.86751210e+05  1.95204976e+01  2.12118893e+01 -1.01558043e-01  7.19020882e+09 
 5.10000000e-01  5.09964965e-01  2.26829818e-07  2.26829818e+05  1.93940040e+01  2.12215060e+01 -9.15656300e-02  8.56829092e+09 
 5.20000000e-01  5.19957502e-01  2.75152402e-07  2.75152402e+05  1.92669397e+01  2.12391727e+01 -8.15747776e-02  1.01986146e+10 
 5.30000000e-01  5.29948515e-01  3.33333311e-07  3.33333311e+05  1.91395556e+01  2.12659880e+01 -7.15857913e-02  1.21252070e+10 
 5.40000000e-01  5.39937711e-01  4.03285024e-07  4.03285024e+05  1.90117366e+01  2.13028932e+01 -6.15990333e-02  1.43991231e+10 
 5.50000000e-01  5.49924740e-01  4.87267227e-07  4.87267227e+05  1.88828914e+01  2.13505796e+01 -5.16149313e-02  1.70791463e+10 
 5.60000000e-01  5.59909190e-01  5.87940647e-07  5.87940647e+05  1.87518563e+01  2.14093920e+01 -4.16339889e-02  2.02323036e+10 
 5.70000000e-01  5.69890581e-01  7.08424190e-07  7.08424190e+05  1.86168294e+01  2.14792403e+01 -3.16567966e-02  2.39340496e+10 
 5.80000000e-01  5.79868351e-01  8.52352906e-07  8.52352906e+05  1.84753542e+01  2.15595278e+01 -2.16840423e-02  2.82679445e+10 
 5.90000000e-01  5.89841849e-01  1.02393304e-06  1.02393304e+06  1.83243649e+01  2.16491073e+01 -1.17165225e-02  3.33246332e+10 
 6.00000000e-01  5.99810332e-01  1.22798907e-06  1.22798907e+06  1.81603028e+01  2.17462758e+01 -1.75515014e-03  3.91999372e+10 
 6.10000000e-01  6.09772953e-01  1.46999645e-06  1.46999645e+06  1.79793041e+01  2.18488087e+01  8.19903821e-03  4.59919090e+10 
 6.20000000e-01  6.19728764e-01  1.75609259e-06  1.75609259e+06  1.77774461e+01  2.19540360e+01  1.81448809e-02  5.37967805e+10 
 6.30000000e-01  6.29676719e-01  2.09305874e-06  2.09305874e+06  1.75510312e+01  2.20589526e+01  2.80810943e-02  6.27038563e+10 
 6.40000000e-01  6.39615677e-01  2.48826559e-06  2.48826559e+06  1.72968770e+01  2.21603522e+01  3.80062835e-02  7.27895576e+10 
 6.50000000e-01  6.49544426e-01  2.94957744e-06  2.94957744e+06  1.70125805e+01  2.22549708e+01  4.79189600e-02  8.41109965e+10 
 6.60000000e-01  6.59461695e-01  3.48521284e-06  3.48521284e+06  1.66967247e+01  2.23396272e+01  5.78175683e-02  9.66996102e+10 
 6.70000000e-01  6.69366188e-01  4.10356324e-06  4.10356324e+06  1.63490056e+01  2.24113470e+01  6.77005206e-02  1.10555499e+11 
 6.80000000e-01  6.79256617e-01  4.81297609e-06  4.81297609e+06  1.59702684e+01  2.24674633e+01  7.75662373e-02  1.25643134e+11 
 6.90000000e-01  6.89131735e-01  5.62151316e-06  5.62151316e+06  1.55624535e+01  2.25056892e+01  8.74131930e-02  1.41889039e+11 
 7.00000000e-01  6.98990381e-01  6.53669875e-06  6.53669875e+06  1.51284665e+01  2.25241611e+01  9.72399644e-02  1.59181856e+11 
 7.10000000e-01  7.08831513e-01  7.56527449e-06  7.56527449e+06  1.46719904e+01  2.25214566e+01  1.07045276e-01  1.77374994e+11 
 7.20000000e-01  7.18654246e-01  8.71297808e-06  8.71297808e+06  1.41972648e+01  2.24965914e+01  1.16828044e-01  1.96291714e+11 
 7.30000000e-01  7.28457876e-01  9.98436138e-06  9.98436138e+06  1.37088559e+01  2.24489985e+01  1.26587408e-01  2.15732258e+11 
 7.40000000e-01  7.38241903e-01  1.13826598e-05  1.13826598e+07  1.32114366e+01  2.23784979e+01  1.36322756e-01  2.35482406e+11 
 7.50000000e-01  7.48006042e-01  1.29097199e-05  1.29097199e+07  1.27095919e+01  2.22852582e+01  1.46033742e-01  2.55322675e+11 
 7.60000000e-01  7.57750225e-01  1.45659878e-05  1.45659878e+07  1.22076599e+01  2.21697553e+01  1.55720282e-01  2.75037404e+11 
 7.70000000e-01  7.67474592e-01  1.63505541e-05  1.63505541e+07  1.17096113e+01  2.20327307e+01  1.65382552e-01  2.94423013e+11 
 7.80000000e-01  7.77179477e-01  1.82612485e-05  1.82612485e+07  1.12189683e+01  2.18751498e+01  1.75020963e-01  3.13294891e+11 
 7.90000000e-01  7.86865391e-01  2.02947741e-05  2.02947741e+07  1.07387588e+01  2.16981626e+01  1.84636143e-01  3.31492580e+11 
 8.00000000e-01  7.96532991e-01  2.24468691e-05  2.24468691e+07  1.02715013e+01  2.15030663e+01  1.94228901e-01  3.48883106e+11 
 8.10000000e-01  8.06183058e-01  2.47124842e-05  2.47124842e+07  9.81921337e+00  2.12912710e+01  2.03800194e-01  3.65362514e+11 
 8.20000000e-01  8.15816464e-01  2.70859650e-05  2.70859650e+07  9.38343949e+00  2.10642672e+01  2.13351095e-01  3.80855798e+11 
 8.30000000e-01  8.25434150e-01  2.95612296e-05  2.95612296e+07  8.96528994e+00  2.08235965e+01  2.22882757e-01  3.95315509e+11 
 8.40000000e-01  8.35037094e-01  3.21319345e-05  3.21319345e+07  8.56548782e+00  2.05708245e+01  2.32396382e-01  4.08719360e+11 
 8.50000000e-01  8.44626295e-01  3.47916233e-05  3.47916233e+07  8.18441928e+00  2.03075168e+01  2.41893196e-01  4.21067180e+11 
 8.60000000e-01  8.54202746e-01  3.75338558e-05  3.75338558e+07  7.82218401e+00  2.00352170e+01  2.51374418e-01  4.32377493e+11 
 8.70000000e-01  8.63767423e-01  4.03523154e-05  4.03523154e+07  7.47864389e+00  1.97554277e+01  2.60841246e-01  4.42684002e+11 
 8.80000000e-01  8.73321271e-01  4.32408952e-05  4.32408952e+07  7.15346797e+00  1.94695938e+01  2.70294836e-01  4.52032166e+11 
 8.90000000e-01  8.82865189e-01  4.61937630e-05  4.61937630e+07  6.84617133e+00  1.91790835e+01  2.79736295e-01  4.60476017e+11 
 9.00000000e-01  8.92400028e-01  4.92054098e-05  4.92054098e+07  6.55615831e+00  1.88851966e+01  2.89166665e-01  4.68075318e+11 
 9.10000000e-01  9.01926584e-01  5.22706804e-05  5.22706804e+07  6.28274594e+00  1.85891358e+01  2.98586925e-01  4.74893105e+11 
 9.20000000e-01  9.11445598e-01  5.53847910e-05  5.53847910e+07  6.02519334e+00  1.82920080e+01  3.07997979e-01  4.80993629e+11 
 9.30000000e-01  9.20957748e-01  5.85433342e-05  5.85433342e+07  5.78272382e+00  1.79948210e+01  3.17400663e-01  4.86440697e+11 
 9.40000000e-01  9.30463659e-01  6.17422755e-05  6.17422755e+07  5.55454311e+00  1.76984819e+01  3.26795741e-01  4.91296367e+11 
 9.50000000e-01  9.39963897e-01  6.49779429e-05  6.49779429e+07  5.33985407e+00  1.74037983e+01  3.36183909e-01  4.95619985e+11 
 9.60000000e-01  9.49458976e-01  6.82470105e-05  6.82470105e+07  5.13786821e+00  1.71114800e+01  3.45565797e-01  4.99467495e+11 
 9.70000000e-01  9.58949360e-01  7.15464790e-05  7.15464790e+07  4.94781469e+00  1.68221430e+01  3.54941973e-01  5.02890997e+11 
 9.80000000e-01  9.68435465e-01  7.48736533e-05  7.48736533e+07  4.76894704e+00  1.65363142e+01  3.64312947e-01  5.05938494e+11 
 9.90000000e-01  9.77917663e-01  7.82261195e-05  7.82261195e+07  4.60054798e+00  1.62544368e+01  3.73679177e-01  5.08653806e+11 
 1.00000000e+00  9.87396288e-01  8.16017203e-05  8.16017203e+07  4.44193279e+00  1.59768763e+01  3.83041070e-01  5.11076596e+11 
 1.01000000e+00  9.96871637e-01  8.49985321e-05  8.49985321e+07  4.29245136e+00  1.57039272e+01  3.92398992e-01  5.13242495e+11 
 1.02000000e+00  1.00634397e+00  8.84148413e-05  8.84148413e+07  4.15148927e+00  1.54358196e+01  4.01753268e-01  5.15183291e+11 
 1.03000000e+00  1.01581354e+00  9.18491229e-05  9.18491229e+07  4.01846812e+00  1.51727254e+01  4.11104185e-01  5.16927160e+11 
 1.04000000e+00  1.02528053e+00  9.53000194e-05  9.53000194e+07  3.89284518e+00  1.49147654e+01  4.20452001e-01  5.18498924e+11 
 1.05000000e+00  1.03474515e+00  9.87663221e-05  9.87663221e+07  3.77411262e+00  1.46620148e+01  4.29796945e-01  5.19920328e+11 
 1.06000000e+00  1.04420755e+00  1.02246953e-04  1.02246953e+08  3.66179643e+00  1.44145098e+01  4.39139221e-01  5.21210314e+11 
 1.07000000e+00  1.05366789e+00  1.05740950e-04  1.05740950e+08  3.55545500e+00  1.41722523e+01  4.48479011e-01  5.22385295e+11 
 1.08000000e+00  1.06312629e+00  1.09247449e-04  1.09247449e+08  3.45467764e+00  1.39352157e+01  4.57816479e-01  5.23459416e+11 
 1.09000000e+00  1.07258289e+00  1.12765675e-04  1.12765675e+08  3.35908294e+00  1.37033489e+01  4.67151772e-01  5.24444803e+11 
 1.10000000e+00  1.08203778e+00  1.16294929e-04  1.16294929e+08  3.26831710e+00  1.34765808e+01  4.76485023e-01  5.25351794e+11 
 1.11000000e+00  1.09149107e+00  1.19834575e-04  1.19834575e+08  3.18205222e+00  1.32548241e+01  4.85816351e-01  5.26189154e+11 
 1.12000000e+00  1.10094284e+00  1.23384034e-04  1.23384034e+08  3.09998466e+00  1.30379783e+01  4.95145866e-01  5.26964272e+11 
 1.13000000e+00  1.11039318e+00  1.26942777e-04  1.26942777e+08  3.02183342e+00  1.28259329e+01  5.04473669e-01  5.27683338e+11 
 1.14000000e+00  1.11984216e+00  1.30510312e-04  1.30510312e+08  2.94733852e+00  1.26185698e+01  5.13799853e-01  5.28351502e+11 
 1.15000000e+00  1.12928985e+00  1.34086186e-04  1.34086186e+08  2.87625953e+00  1.24157653e+01  5.23124503e-01  5.28973022e+11 
 1.16000000e+00  1.13873632e+00  1.37669972e-04  1.37669972e+08  2.80837412e+00  1.22173923e+01  5.32447701e-01  5.29551383e+11 
 1.17000000e+00  1.14818163e+00  1.41261269e-04  1.41261269e+08  2.74347675e+00  1.20233219e+01  5.41769522e-01  5.30089421e+11 
 1.18000000e+00  1.15762584e+00  1.44859699e-04  1.44859699e+08  2.68137732e+00  1.18334243e+01  5.51090038e-01  5.30589412e+11 
 1.19000000e+00  1.16706900e+00  1.48464899e-04  1.48464899e+08  2.62190006e+00  1.16475702e+01  5.60409318e-01  5.31053165e+11 
 1.20000000e+00  1.17651117e+00  1.52076522e-04  1.52076522e+08  2.56488235e+00  1.14656319e+01  5.69727427e-01  5.31482099e+11 
 1.21000000e+00  1.18595240e+00  1.55694234e-04  1.55694234e+08  2.51017373e+00  1.12874836e+01  5.79044429e-01  5.31877303e+11 
 1.22000000e+00  1.19539274e+00  1.59317711e-04  1.59317711e+08  2.45763495e+00  1.11130022e+01  5.88360386e-01  5.32239599e+11 
 1.23000000e+00  1.20483224e+00  1.62946636e-04  1.62946636e+08  2.40713703e+00  1.09420678e+01  5.97675355e-01  5.32569588e+11 
 1.24000000e+00  1.21427094e+00  1.66580703e-04  1.66580703e+08  2.35856047e+00  1.07745640e+01  6.06989397e-01  5.32867691e+11 
 1.25000000e+00  1.22370890e+00  1.70219609e-04  1.70219609e+08  2.31179451e+00  1.06103779e+01  6.16302568e-01  5.33134190e+11 
 1.26000000e+00  1.23314616e+00  1.73863059e-04  1.73863059e+08  2.26673638e+00  1.04494008e+01  6.25614924e-01  5.33369250e+11 
 1.27000000e+00  1.24258275e+00  1.77510760e-04  1.77510760e+08  2.22329073e+00  1.02915275e+01  6.34926521e-01  5.33572954e+11 
 1.28000000e+00  1.25201874e+00  1.81162424e-04  1.81162424e+08  2.18136897e+00  1.01366573e+01  6.44237412e-01  5.33745316e+11 
 1.29000000e+00  1.26145416e+00  1.84817768e-04  1.84817768e+08  2.14088876e+00  9.98469307e+00  6.53547652e-01  5.33886303e+11 
 1.30000000e+00  1.27088905e+00  1.88476509e-04  1.88476509e+08  2.10177352e+00  9.83554193e+00  6.62857293e-01  5.33995852e+11 
 1.31000000e+00  1.28032346e+00  1.92138370e-04  1.92138370e+08  2.06395194e+00  9.68911475e+00  6.72166389e-01  5.34073874e+11 
 1.32000000e+00  1.28975743e+00  1.95803076e-04  1.95803076e+08  2.02735759e+00  9.54532620e+00  6.81474990e-01  5.34120272e+11 
 1.33000000e+00  1.29919101e+00  1.99470353e-04  1.99470353e+08  1.99192854e+00  9.40409463e+00  6.90783150e-01  5.34134945e+11 
 1.34000000e+00  1.30862423e+00  2.03139930e-04  2.03139930e+08  1.95760697e+00  9.26534197e+00  7.00090918e-01  5.34117791e+11 
 1.35000000e+00  1.31805713e+00  2.06811540e-04  2.06811540e+08  1.92433889e+00  9.12899354e+00  7.09398346e-01  5.34068717e+11 
 1.36000000e+00  1.32748976e+00  2.10484917e-04  2.10484917e+08  1.89207381e+00  8.99497798e+00  7.18705483e-01  5.33987640e+11 
 1.37000000e+00  1.33692216e+00  2.14159798e-04  2.14159798e+08  1.86076449e+00  8.86322705e+00  7.28012380e-01  5.33874487e+11 
 1.38000000e+00  1.34635437e+00  2.17835921e-04  2.17835921e+08  1.83036667e+00  8.73367553e+00  7.37319085e-01  5.33729199e+11 
 1.39000000e+00  1.35578643e+00  2.21513028e-04  2.21513028e+08  1.80083889e+00  8.60626104e+00  7.46625647e-01  5.33551730e+11 
 1.40000000e+00  1.36521837e+00  2.25190865e-04  2.25190865e+08  1.77214222e+00  8.48092395e+00  7.55932115e-01  5.33342050e+11 
 1.41000000e+00  1.37465024e+00  2.28869176e-04  2.28869176e+08  1.74424009e+00  8.35760721e+00  7.65238535e-01  5.33100141e+11 
 1.42000000e+00  1.38408208e+00  2.32547712e-04  2.32547712e+08  1.71709814e+00  8.23625620e+00  7.74544956e-01  5.32825996e+11 
 1.43000000e+00  1.39351391e+00  2.36226226e-04  2.36226226e+08  1.69068403e+00  8.11681867e+00  7.83851424e-01  5.32519622e+11 
 1.44000000e+00  1.40294579e+00  2.39904470e-04  2.39904470e+08  1.66496730e+00  7.99924455e+00  7.93157985e-01  5.32181034e+11 
 1.45000000e+00  1.41237775e+00  2.43582204e-04  2.43582204e+08  1.63991924e+00  7.88348585e+00  8.02464685e-01  5.31810256e+11 
 1.46000000e+00  1.42180983e+00  2.47259188e-04  2.47259188e+08  1.61551275e+00  7.76949658e+00  8.11771569e-01  5.31407319e+11 
 1.47000000e+00  1.43124206e+00  2.50935184e-04  2.50935184e+08  1.59172224e+00  7.65723260e+00  8.21078681e-01  5.30972259e+11 
 1.48000000e+00  1.44067447e+00  2.54609959e-04  2.54609959e+08  1.56852353e+00  7.54665155e+00  8.30386066e-01  5.30505112e+11 
 1.49000000e+00  1.45010711e+00  2.58283283e-04  2.58283283e+08  1.54589372e+00  7.43771274e+00  8.39693767e-01  5.30005918e+11 
 1.50000000e+00  1.45954001e+00  2.61954926e-04  2.61954926e+08  1.52381114e+00  7.33037706e+00  8.49001826e-01  5.29474716e+11 
 1.51000000e+00  1.46897321e+00  2.65624663e-04  2.65624663e+08  1.50225526e+00  7.22460690e+00  8.58310287e-01  5.28911538e+11 
 1.52000000e+00  1.47840673e+00  2.69292274e-04  2.69292274e+08  1.48120659e+00  7.12036607e+00  8.67619190e-01  5.28316415e+11 
 1.53000000e+00  1.48784062e+00  2.72957537e-04  2.72957537e+08  1.46064662e+00  7.01761973e+00  8.76928577e-01  5.27689369e+11 
 1.54000000e+00  1.49727490e+00  2.76620238e-04  2.76620238e+08  1.44055778e+00  6.91633429e+00  8.86238489e-01  5.27030414e+11 
 1.55000000e+00  1.50670961e+00  2.80280162e-04  2.80280162e+08  1.42092336e+00  6.81647739e+00  8.95548966e-01  5.26339552e+11 
 1.56000000e+00  1.51614478e+00  2.83937098e-04  2.83937098e+08  1.40172744e+00  6.71801779e+00  9.04860047e-01  5.25616774e+11 
 1.57000000e+00  1.52558044e+00  2.87590840e-04  2.87590840e+08  1.38295486e+00  6.62092537e+00  9.14171771e-01  5.24862058e+11 
 1.58000000e+00  1.53501663e+00  2.91241182e-04  2.91241182e+08  1.36459120e+00  6.52517100e+00  9.23484178e-01  5.24075363e+11 
 1.59000000e+00  1.54445338e+00  2.94887921e-04  2.94887921e+08  1.34662265e+00  6.43072657e+00  9.32797303e-01  5.23256636e+11 
 1.60000000e+00  1.55389071e+00  2.98530859e-04  2.98530859e+08  1.32903608e+00  6.33756486e+00  9.42111186e-01  5.22405801e+11 
 1.61000000e+00  1.56332867e+00  3.02169799e-04  3.02169799e+08  1.31181891e+00  6.24565957e+00  9.51425862e-01  5.21522768e+11 
 1.62000000e+00  1.57276726e+00  3.05804546e-04  3.05804546e+08  1.29495914e+00  6.15498523e+00  9.60741369e-01  5.20607423e+11 
 1.63000000e+00  1.58220654e+00  3.09434909e-04  3.09434909e+08  1.27844526e+00  6.06551718e+00  9.70057742e-01  5.19659633e+11 
 1.64000000e+00  1.59164652e+00  3.13060699e-04  3.13060699e+08  1.26226628e+00  5.97723153e+00  9.79375017e-01  5.18679244e+11 
 1.65000000e+00  1.60108724e+00  3.16681729e-04  3.16681729e+08  1.24641165e+00  5.89010512e+00  9.88693228e-01  5.17666081e+11 
 1.66000000e+00  1.61052872e+00  3.20297815e-04  3.20297815e+08  1.23087129e+00  5.80411551e+00  9.98012411e-01  5.16619947e+11 
 1.67000000e+00  1.61997099e+00  3.23908775e-04  3.23908775e+08  1.21563548e+00  5.71924090e+00  1.00733260e+00  5.15540623e+11 
 1.68000000e+00  1.62941409e+00  3.27514428e-04  3.27514428e+08  1.20069495e+00  5.63546017e+00  1.01665382e+00  5.14427872e+11 
 1.69000000e+00  1.63885803e+00  3.31114599e-04  3.31114599e+08  1.18604075e+00  5.55275278e+00  1.02597612e+00  5.13281435e+11 
 1.70000000e+00  1.64830284e+00  3.34709110e-04  3.34709110e+08  1.17166430e+00  5.47109882e+00  1.03529952e+00  5.12101035e+11 
 1.71000000e+00  1.65774855e+00  3.38297790e-04  3.38297790e+08  1.15755736e+00  5.39047892e+00  1.04462406e+00  5.10886382e+11 
 1.72000000e+00  1.66719519e+00  3.41880465e-04  3.41880465e+08  1.14371198e+00  5.31087428e+00  1.05394977e+00  5.09637167e+11 
 1.73000000e+00  1.67664279e+00  3.45456967e-04  3.45456967e+08  1.13012053e+00  5.23226660e+00  1.06327668e+00  5.08353072e+11 
 1.74000000e+00  1.68609136e+00  3.49027127e-04  3.49027127e+08  1.11677566e+00  5.15463810e+00  1.07260482e+00  5.07033770e+11 
 1.75000000e+00  1.69554094e+00  3.52590780e-04  3.52590780e+08  1.10367027e+00  5.07797151e+00  1.08193423e+00  5.05678930e+11 
 1.76000000e+00  1.70499155e+00  3.56147760e-04  3.56147760e+08  1.09079753e+00  5.00224998e+00  1.09126493e+00  5.04288217e+11 
 1.77000000e+00  1.71444322e+00  3.59697904e-04  3.59697904e+08  1.07815085e+00  4.92745716e+00  1.10059695e+00  5.02861304e+11 
 1.78000000e+00  1.72389597e+00  3.63241052e-04  3.63241052e+08  1.06572386e+00  4.85357712e+00  1.10993033e+00  5.01397871e+11 
 1.79000000e+00  1.73334982e+00  3.66777042e-04  3.66777042e+08  1.05351044e+00  4.78059436e+00  1.11926509e+00  4.99897610e+11 
 1.80000000e+00  1.74280480e+00  3.70305715e-04  3.70305715e+08  1.04150464e+00  4.70849378e+00  1.12860127e+00  4.98360239e+11 
