 v-sweep         vgs             id              id_w            gm_id           gm_gds          vov             gm_cgg         
 0.00000000e+00 -2.62069472e-11  1.69674772e-13  1.69674772e-01  2.78217623e+01  7.70251609e+01 -5.95566557e-01  7.99727737e+03 
 1.00000000e-02  9.99999997e-03  2.24100844e-13  2.24100844e-01  2.78207444e+01  7.70391791e+01 -5.85566557e-01  1.05781540e+04 
 2.00000000e-02  2.00000000e-02  2.95981774e-13  2.95981774e-01  2.78195749e+01  7.70527866e+01 -5.75566557e-01  1.39851404e+04 
 3.00000000e-02  2.99999999e-02  3.90913795e-13  3.90913795e-01  2.78182312e+01  7.70659210e+01 -5.65566557e-01  1.84800573e+04 
 4.00000000e-02  3.99999999e-02  5.16286495e-13  5.16286495e-01  2.78166875e+01  7.70785111e+01 -5.55566557e-01  2.44067098e+04 
 5.00000000e-02  4.99999999e-02  6.81857060e-13  6.81857060e-01  2.78149140e+01  7.70904747e+01 -5.45566557e-01  3.22161873e+04 
 6.00000000e-02  5.99999999e-02  9.00508168e-13  9.00508168e-01  2.78128768e+01  7.71017178e+01 -5.35566557e-01  4.24998315e+04 
 7.00000000e-02  6.99999998e-02  1.18924814e-12  1.18924814e+00  2.78105367e+01  7.71121324e+01 -5.25566558e-01  5.60321527e+04 
 8.00000000e-02  7.99999998e-02  1.57053061e-12  1.57053061e+00  2.78078489e+01  7.71215950e+01 -5.15566558e-01  7.38266287e+04 
 9.00000000e-02  8.99999997e-02  2.07399549e-12  2.07399549e+00  2.78047620e+01  7.71299636e+01 -5.05566558e-01  9.72081685e+04 
 1.00000000e-01  9.99999996e-02  2.73876540e-12  2.73876540e+00  2.78012171e+01  7.71370758e+01 -4.95566558e-01  1.27907103e+05 
 1.10000000e-01  1.09999999e-01  3.61647400e-12  3.61647400e+00  2.77971465e+01  7.71427457e+01 -4.85566558e-01  1.68180948e+05 
 1.20000000e-01  1.19999999e-01  4.77525869e-12  4.77525869e+00  2.77924731e+01  7.71467604e+01 -4.75566558e-01  2.20971943e+05 
 1.30000000e-01  1.29999999e-01  6.30502328e-12  6.30502328e+00  2.77871081e+01  7.71488767e+01 -4.65566558e-01  2.90110617e+05 
 1.40000000e-01  1.39999999e-01  8.32437243e-12  8.32437243e+00  2.77809504e+01  7.71488165e+01 -4.55566559e-01  3.80578486e+05 
 1.50000000e-01  1.49999998e-01  1.09897456e-11  1.09897456e+01  2.77738840e+01  7.71462626e+01 -4.45566559e-01  4.98846594e+05 
 1.60000000e-01  1.59999998e-01  1.45074430e-11  1.45074430e+01  2.77657767e+01  7.71408533e+01 -4.35566560e-01  6.53311203e+05 
 1.70000000e-01  1.69999997e-01  1.91494527e-11  1.91494527e+01  2.77564773e+01  7.71321767e+01 -4.25566561e-01  8.54853719e+05 
 1.80000000e-01  1.79999996e-01  2.52742672e-11  2.52742672e+01  2.77458134e+01  7.71197646e+01 -4.15566562e-01  1.11755923e+06 
 1.90000000e-01  1.89999995e-01  3.33542475e-11  3.33542475e+01  2.77335889e+01  7.71030855e+01 -4.05566563e-01  1.45963716e+06 
 2.00000000e-01  1.99999993e-01  4.40115677e-11  4.40115677e+01  2.77195803e+01  7.70815376e+01 -3.95566565e-01  1.90459916e+06 
 2.10000000e-01  2.09999991e-01  5.80653912e-11  5.80653912e+01  2.77035340e+01  7.70544406e+01 -3.85566568e-01  2.48276331e+06 
 2.20000000e-01  2.19999988e-01  7.65937331e-11  7.65937331e+01  2.76851625e+01  7.70210281e+01 -3.75566572e-01  3.23317199e+06 
 2.30000000e-01  2.29999984e-01  1.01014493e-10  1.01014493e+02  2.76641403e+01  7.69804390e+01 -3.65566576e-01  4.20603213e+06 
 2.40000000e-01  2.39999979e-01  1.33191469e-10  1.33191469e+02  2.76400999e+01  7.69317100e+01 -3.55566582e-01  5.46581394e+06 
 2.50000000e-01  2.49999973e-01  1.75572869e-10  1.75572869e+02  2.76126280e+01  7.68737679e+01 -3.45566590e-01  7.09517666e+06 
 2.60000000e-01  2.59999964e-01  2.31371990e-10  2.31371990e+02  2.75812606e+01  7.68054236e+01 -3.35566600e-01  9.19992956e+06 
 2.70000000e-01  2.69999953e-01  3.04802486e-10  3.04802486e+02  2.75454788e+01  7.67253681e+01 -3.25566614e-01  1.19152837e+07 
 2.80000000e-01  2.79999938e-01  4.01384092e-10  4.01384092e+02  2.75047057e+01  7.66321715e+01 -3.15566632e-01  1.54137055e+07 
 2.90000000e-01  2.89999918e-01  5.28339012e-10  5.28339012e+02  2.74583023e+01  7.65242868e+01 -3.05566655e-01  1.99147477e+07 
 3.00000000e-01  2.99999893e-01  6.95104498e-10  6.95104498e+02  2.74055655e+01  7.64000593e+01 -2.95566686e-01  2.56973080e+07 
 3.10000000e-01  3.09999859e-01  9.13993773e-10  9.13993773e+02  2.73457276e+01  7.62577462e+01 -2.85566727e-01  3.31148466e+07 
 3.20000000e-01  3.19999814e-01  1.20104543e-09  1.20104543e+03  2.72779575e+01  7.60955456e+01 -2.75566780e-01  4.26141841e+07 
 3.30000000e-01  3.29999756e-01  1.57711110e-09  1.57711110e+03  2.72013647e+01  7.59116423e+01 -2.65566850e-01  5.47585952e+07 
 3.40000000e-01  3.39999680e-01  2.06924249e-09  2.06924249e+03  2.71150079e+01  7.57042713e+01 -2.55566941e-01  7.02560107e+07 
 3.50000000e-01  3.49999581e-01  2.71245250e-09  2.71245250e+03  2.70179071e+01  7.54718043e+01 -2.45567060e-01  8.99932292e+07 
 3.60000000e-01  3.59999451e-01  3.55194000e-09  3.55194000e+03  2.69090633e+01  7.52128651e+01 -2.35567216e-01  1.15077131e+08 
 3.70000000e-01  3.69999282e-01  4.64588591e-09  4.64588591e+03  2.67874835e+01  7.49264771e+01 -2.25567418e-01  1.46883963e+08 
 3.80000000e-01  3.79999063e-01  6.06894692e-09  6.06894692e+03  2.66522148e+01  7.46122470e+01 -2.15567682e-01  1.87117829e+08 
 3.90000000e-01  3.89998777e-01  7.91659522e-09  7.91659522e+03  2.65023866e+01  7.42705879e+01 -2.05568025e-01  2.37879622e+08 
 4.00000000e-01  3.99998408e-01  1.03104756e-08  1.03104756e+04  2.63372607e+01  7.39029807e+01 -1.95568468e-01  3.01747708e+08 
 4.10000000e-01  4.09997930e-01  1.34049777e-08  1.34049777e+04  2.61562890e+01  7.35122689e+01 -1.85569042e-01  3.81871899e+08 
 4.20000000e-01  4.19997313e-01  1.73952500e-08  1.73952500e+04  2.59591735e+01  7.31029743e+01 -1.75569781e-01  4.82082501e+08 
 4.30000000e-01  4.29996521e-01  2.25269160e-08  2.25269160e+04  2.57459257e+01  7.26816145e+01 -1.65570732e-01  6.07016748e+08 
 4.40000000e-01  4.39995504e-01  2.91077945e-08  2.91077945e+04  2.55169147e+01  7.22569876e+01 -1.55571952e-01  7.62265513e+08 
 4.50000000e-01  4.49994205e-01  3.75219723e-08  3.75219723e+04  2.52728940e+01  7.18403815e+01 -1.45573512e-01  9.54543921e+08 
 4.60000000e-01  4.59992548e-01  4.82466381e-08  4.82466381e+04  2.50149921e+01  7.14456495e+01 -1.35575499e-01  1.19188992e+09 
 4.70000000e-01  4.69990444e-01  6.18721434e-08  6.18721434e+04  2.47446514e+01  7.10890833e+01 -1.25578024e-01  1.48389439e+09 
 4.80000000e-01  4.79987779e-01  7.91258047e-08  7.91258047e+04  2.44635020e+01  7.07890132e+01 -1.15581222e-01  1.84196406e+09 
 4.90000000e-01  4.89984416e-01  1.00899969e-07  1.00899969e+05  2.41731613e+01  7.05650703e+01 -1.05585258e-01  2.27961245e+09 
 5.00000000e-01  4.99980186e-01  1.28284765e-07  1.28284765e+05  2.38749647e+01  7.04370683e+01 -9.55903332e-02  2.81276370e+09 
 5.10000000e-01  5.09974885e-01  1.62605709e-07  1.62605709e+05  2.35696469e+01  7.04235066e+01 -8.55966941e-02  3.46003678e+09 
 5.20000000e-01  5.19968265e-01  2.05465794e-07  2.05465794e+05  2.32570164e+01  7.05397531e+01 -7.56046376e-02  4.24295554e+09 
 5.30000000e-01  5.29960029e-01  2.58790825e-07  2.58790825e+05  2.29356874e+01  7.07960435e+01 -6.56145206e-02  5.18600458e+09 
 5.40000000e-01  5.39949822e-01  3.24875531e-07  3.24875531e+05  2.26029397e+01  7.11955065e+01 -5.56267685e-02  6.31642977e+09 
 5.50000000e-01  5.49937226e-01  4.06426428e-07  4.06426428e+05  2.22547769e+01  7.17324847e+01 -4.56418828e-02  7.66367452e+09 
 5.60000000e-01  5.59921754e-01  5.06595816e-07  5.06595816e+05  2.18862195e+01  7.23914441e+01 -3.56604476e-02  9.25835943e+09 
 5.70000000e-01  5.69902848e-01  6.28999990e-07  6.28999990e+05  2.14918265e+01  7.31467345e+01 -2.56831334e-02  1.11307619e+10 
 5.80000000e-01  5.79879879e-01  7.77714245e-07  7.77714245e+05  2.10663782e+01  7.39633701e+01 -1.57106952e-02  1.33088340e+10 
 5.90000000e-01  5.89852151e-01  9.57237999e-07  9.57237999e+05  2.06056094e+01  7.47988580e+01 -5.74396692e-03  1.58158984e+10 
 6.00000000e-01  5.99818914e-01  1.17242568e-06  1.17242568e+06  2.01068581e+01  7.56059332e+01  4.21615179e-03  1.86682645e+10 
 6.10000000e-01  6.09779381e-01  1.42838271e-06  1.42838271e+06  1.95695142e+01  7.63358986e+01  1.41687148e-02  2.18730759e+10 
 6.20000000e-01  6.19732744e-01  1.73033050e-06  1.73033050e+06  1.89951942e+01  7.69421648e+01  2.41127547e-02  2.54267129e+10 
 6.30000000e-01  6.29678203e-01  2.08344921e-06  2.08344921e+06  1.83876322e+01  7.73835457e+01  3.40473115e-02  2.93140231e+10 
 6.40000000e-01  6.39614991e-01  2.49271053e-06  2.49271053e+06  1.77523326e+01  7.76269238e+01  4.39714640e-02  3.35085314e+10 
 6.50000000e-01  6.49542397e-01  2.96271471e-06  2.96271471e+06  1.70960649e+01  7.76490150e+01  5.38843600e-02  3.79736341e+10 
 6.60000000e-01  6.59459790e-01  3.49754596e-06  3.49754596e+06  1.64262979e+01  7.74371185e+01  6.37852429e-02  4.26646285e+10 
 6.70000000e-01  6.69366637e-01  4.10065754e-06  4.10065754e+06  1.57506539e+01  7.69888963e+01  7.36734731e-02  4.75313160e+10 
 6.80000000e-01  6.79262514e-01  4.77479430e-06  4.77479430e+06  1.50764443e+01  7.63113472e+01  8.35485426e-02  5.25208542e+10 
 6.90000000e-01  6.89147112e-01  5.52195547e-06  5.52195547e+06  1.44103198e+01  7.54192173e+01  9.34100813e-02  5.75805430e+10 
 7.00000000e-01  6.99020237e-01  6.34339632e-06  6.34339632e+06  1.37580417e+01  7.43331080e+01  1.03257857e-01  6.26602764e+10 
 7.10000000e-01  7.08881805e-01  7.23966371e-06  7.23966371e+06  1.31243658e+01  7.30775219e+01  1.13091770e-01  6.77144843e+10 
 7.20000000e-01  7.18731831e-01  8.21065803e-06  8.21065803e+06  1.25130184e+01  7.16790340e+01  1.22911839e-01  7.27034782e+10 
 7.30000000e-01  7.28570418e-01  9.25571342e-06  9.25571342e+06  1.19267405e+01  7.01647153e+01  1.32718187e-01  7.75942008e+10 
 7.40000000e-01  7.38397742e-01  1.03736879e-05  1.03736879e+07  1.13673775e+01  6.85608749e+01  1.42511029e-01  8.23604420e+10 
 7.50000000e-01  7.48214040e-01  1.15630566e-05  1.15630566e+07  1.08359939e+01  6.68921346e+01  1.52290646e-01  8.69826237e+10 
 7.60000000e-01  7.58019591e-01  1.28220015e-05  1.28220015e+07  1.03329982e+01  6.51808159e+01  1.62057378e-01  9.14472693e+10 
 7.70000000e-01  7.67814708e-01  1.41484948e-05  1.41484948e+07  9.85826673e+00  6.34465980e+01  1.71811600e-01  9.57462727e+10 
 7.80000000e-01  7.77599727e-01  1.55403719e-05  1.55403719e+07  9.41125863e+00  6.17063918e+01  1.81553715e-01  9.98760665e+10 
 7.90000000e-01  7.87374993e-01  1.69953941e-05  1.69953941e+07  8.99111884e+00  5.99743776e+01  1.91284139e-01  1.03836769e+11 
 8.00000000e-01  7.97140856e-01  1.85112991e-05  1.85112991e+07  8.59676639e+00  5.82621565e+01  2.01003292e-01  1.07631367e+11 
 8.10000000e-01  8.06897661e-01  2.00858414e-05  2.00858414e+07  8.22696833e+00  5.65789738e+01  2.10711591e-01  1.11264975e+11 
 8.20000000e-01  8.16645750e-01  2.17168228e-05  2.17168228e+07  7.88039979e+00  5.49319808e+01  2.20409444e-01  1.14744190e+11 
 8.30000000e-01  8.26385450e-01  2.34021142e-05  2.34021142e+07  7.55569173e+00  5.33265099e+01  2.30097247e-01  1.18076545e+11 
 8.40000000e-01  8.36117077e-01  2.51396700e-05  2.51396700e+07  7.25146777e+00  5.17663456e+01  2.39775380e-01  1.21270073e+11 
 8.50000000e-01  8.45840934e-01  2.69275367e-05  2.69275367e+07  6.96637200e+00  5.02539794e+01  2.49444205e-01  1.24332961e+11 
 8.60000000e-01  8.55557307e-01  2.87638573e-05  2.87638573e+07  6.69908884e+00  4.87908397e+01  2.59104068e-01  1.27273288e+11 
 8.70000000e-01  8.65266468e-01  3.06468711e-05  3.06468711e+07  6.44835571e+00  4.73774874e+01  2.68755296e-01  1.30098837e+11 
 8.80000000e-01  8.74968675e-01  3.25749118e-05  3.25749118e+07  6.21297830e+00  4.60138391e+01  2.78398199e-01  1.32816966e+11 
 8.90000000e-01  8.84664170e-01  3.45464040e-05  3.45464040e+07  5.99182911e+00  4.46992695e+01  2.88033068e-01  1.35434532e+11 
 9.00000000e-01  8.94353184e-01  3.65598574e-05  3.65598574e+07  5.78385241e+00  4.34327571e+01  2.97660182e-01  1.37957842e+11 
 9.10000000e-01  9.04035935e-01  3.86138611e-05  3.86138611e+07  5.58806459e+00  4.22129907e+01  3.07279803e-01  1.40392644e+11 
 9.20000000e-01  9.13712629e-01  4.07070769e-05  4.07070769e+07  5.40355293e+00  4.10384549e+01  3.16892178e-01  1.42744132e+11 
 9.30000000e-01  9.23383463e-01  4.28382335e-05  4.28382335e+07  5.22947320e+00  3.99075009e+01  3.26497545e-01  1.45016969e+11 
 9.40000000e-01  9.33048625e-01  4.50061200e-05  4.50061200e+07  5.06504653e+00  3.88184006e+01  3.36096129e-01  1.47215318e+11 
 9.50000000e-01  9.42708291e-01  4.72095803e-05  4.72095803e+07  4.90955584e+00  3.77693911e+01  3.45688145e-01  1.49342881e+11 
 9.60000000e-01  9.52362635e-01  4.94475074e-05  4.94475074e+07  4.76234195e+00  3.67587069e+01  3.55273798e-01  1.51402940e+11 
 9.70000000e-01  9.62011819e-01  5.17188384e-05  5.17188384e+07  4.62279966e+00  3.57846060e+01  3.64853287e-01  1.53398401e+11 
 9.80000000e-01  9.71656001e-01  5.40225506e-05  5.40225506e+07  4.49037373e+00  3.48453877e+01  3.74426801e-01  1.55331829e+11 
 9.90000000e-01  9.81295335e-01  5.63576565e-05  5.63576565e+07  4.36455511e+00  3.39394064e+01  3.83994524e-01  1.57205496e+11 
 1.00000000e+00  9.90929967e-01  5.87232011e-05  5.87232011e+07  4.24487717e+00  3.30650801e+01  3.93556634e-01  1.59021414e+11 
 1.01000000e+00  1.00056004e+00  6.11182583e-05  6.11182583e+07  4.13091224e+00  3.22208962e+01  4.03113303e-01  1.60781368e+11 
 1.02000000e+00  1.01018570e+00  6.35419282e-05  6.35419282e+07  4.02226830e+00  3.14054144e+01  4.12664699e-01  1.62486950e+11 
 1.03000000e+00  1.01980707e+00  6.59933349e-05  6.59933349e+07  3.91858588e+00  3.06172681e+01  4.22210983e-01  1.64139584e+11 
 1.04000000e+00  1.02942428e+00  6.84716244e-05  6.84716244e+07  3.81953526e+00  2.98551637e+01  4.31752316e-01  1.65740554e+11 
 1.05000000e+00  1.03903748e+00  7.09759626e-05  7.09759626e+07  3.72481378e+00  2.91178791e+01  4.41288851e-01  1.67291026e+11 
 1.06000000e+00  1.04864678e+00  7.35055344e-05  7.35055344e+07  3.63414349e+00  2.84042615e+01  4.50820742e-01  1.68792062e+11 
 1.07000000e+00  1.05825230e+00  7.60595419e-05  7.60595419e+07  3.54726887e+00  2.77132247e+01  4.60348136e-01  1.70244643e+11 
 1.08000000e+00  1.06785417e+00  7.86372034e-05  7.86372034e+07  3.46395488e+00  2.70437456e+01  4.69871178e-01  1.71649681e+11 
 1.09000000e+00  1.07745250e+00  8.12377529e-05  8.12377529e+07  3.38398509e+00  2.63948613e+01  4.79390011e-01  1.73008028e+11 
 1.10000000e+00  1.08704742e+00  8.38604391e-05  8.38604391e+07  3.30715997e+00  2.57656653e+01  4.88904775e-01  1.74320492e+11 
 1.11000000e+00  1.09663903e+00  8.65045246e-05  8.65045246e+07  3.23329546e+00  2.51553043e+01  4.98415606e-01  1.75587842e+11 
 1.12000000e+00  1.10622745e+00  8.91692857e-05  8.91692857e+07  3.16222150e+00  2.45629747e+01  5.07922639e-01  1.76810814e+11 
 1.13000000e+00  1.11581278e+00  9.18540119e-05  9.18540119e+07  3.09378084e+00  2.39879195e+01  5.17426007e-01  1.77990122e+11 
 1.14000000e+00  1.12539514e+00  9.45580055e-05  9.45580055e+07  3.02782790e+00  2.34294251e+01  5.26925838e-01  1.79126459e+11 
 1.15000000e+00  1.13497463e+00  9.72805811e-05  9.72805811e+07  2.96422772e+00  2.28868184e+01  5.36422261e-01  1.80220499e+11 
 1.16000000e+00  1.14455135e+00  1.00021066e-04  1.00021066e+08  2.90285505e+00  2.23594639e+01  5.45915400e-01  1.81272906e+11 
 1.17000000e+00  1.15412540e+00  1.02778798e-04  1.02778798e+08  2.84359353e+00  2.18467615e+01  5.55405378e-01  1.82284332e+11 
 1.18000000e+00  1.16369690e+00  1.05553129e-04  1.05553129e+08  2.78633489e+00  2.13481434e+01  5.64892315e-01  1.83255419e+11 
 1.19000000e+00  1.17326593e+00  1.08343421e-04  1.08343421e+08  2.73097829e+00  2.08630724e+01  5.74376331e-01  1.84186804e+11 
 1.20000000e+00  1.18283259e+00  1.11149047e-04  1.11149047e+08  2.67742970e+00  2.03910396e+01  5.83857541e-01  1.85079114e+11 
 1.21000000e+00  1.19239697e+00  1.13969393e-04  1.13969393e+08  2.62560132e+00  1.99315624e+01  5.93336059e-01  1.85932971e+11 
 1.22000000e+00  1.20195918e+00  1.16803856e-04  1.16803856e+08  2.57541107e+00  1.94841829e+01  6.02811998e-01  1.86748992e+11 
 1.23000000e+00  1.21151929e+00  1.19651841e-04  1.19651841e+08  2.52678215e+00  1.90484659e+01  6.12285468e-01  1.87527787e+11 
 1.24000000e+00  1.22107741e+00  1.22512768e-04  1.22512768e+08  2.47964258e+00  1.86239979e+01  6.21756576e-01  1.88269961e+11 
 1.25000000e+00  1.23063362e+00  1.25386065e-04  1.25386065e+08  2.43392485e+00  1.82103850e+01  6.31225429e-01  1.88976112e+11 
 1.26000000e+00  1.24018800e+00  1.28271171e-04  1.28271171e+08  2.38956555e+00  1.78072523e+01  6.40692130e-01  1.89646831e+11 
 1.27000000e+00  1.24974065e+00  1.31167538e-04  1.31167538e+08  2.34650509e+00  1.74142424e+01  6.50156782e-01  1.90282705e+11 
 1.28000000e+00  1.25929164e+00  1.34074624e-04  1.34074624e+08  2.30468737e+00  1.70310141e+01  6.59619484e-01  1.90884309e+11 
 1.29000000e+00  1.26884105e+00  1.36991900e-04  1.36991900e+08  2.26405953e+00  1.66572417e+01  6.69080335e-01  1.91452215e+11 
 1.30000000e+00  1.27838897e+00  1.39918847e-04  1.39918847e+08  2.22457173e+00  1.62926141e+01  6.78539432e-01  1.91986982e+11 
 1.31000000e+00  1.28793548e+00  1.42854955e-04  1.42854955e+08  2.18617692e+00  1.59368336e+01  6.87996868e-01  1.92489164e+11 
 1.32000000e+00  1.29748065e+00  1.45799724e-04  1.45799724e+08  2.14883063e+00  1.55896153e+01  6.97452737e-01  1.92959301e+11 
 1.33000000e+00  1.30702456e+00  1.48752663e-04  1.48752663e+08  2.11249079e+00  1.52506866e+01  7.06907129e-01  1.93397928e+11 
 1.34000000e+00  1.31656728e+00  1.51713291e-04  1.51713291e+08  2.07711759e+00  1.49197861e+01  7.16360134e-01  1.93805564e+11 
 1.35000000e+00  1.32610888e+00  1.54681136e-04  1.54681136e+08  2.04267329e+00  1.45966633e+01  7.25811838e-01  1.94182720e+11 
 1.36000000e+00  1.33564944e+00  1.57655734e-04  1.57655734e+08  2.00912211e+00  1.42810779e+01  7.35262328e-01  1.94529895e+11 
 1.37000000e+00  1.34518903e+00  1.60636632e-04  1.60636632e+08  1.97643007e+00  1.39727990e+01  7.44711688e-01  1.94847574e+11 
 1.38000000e+00  1.35472771e+00  1.63623383e-04  1.63623383e+08  1.94456490e+00  1.36716051e+01  7.54160000e-01  1.95136231e+11 
 1.39000000e+00  1.36426556e+00  1.66615551e-04  1.66615551e+08  1.91349592e+00  1.33772835e+01  7.63607346e-01  1.95396324e+11 
 1.40000000e+00  1.37380264e+00  1.69612706e-04  1.69612706e+08  1.88319393e+00  1.30896294e+01  7.73053804e-01  1.95628300e+11 
 1.41000000e+00  1.38333901e+00  1.72614427e-04  1.72614427e+08  1.85363113e+00  1.28084461e+01  7.82499452e-01  1.95832591e+11 
 1.42000000e+00  1.39287474e+00  1.75620301e-04  1.75620301e+08  1.82478102e+00  1.25335443e+01  7.91944368e-01  1.96009613e+11 
 1.43000000e+00  1.40240989e+00  1.78629922e-04  1.78629922e+08  1.79661834e+00  1.22647419e+01  8.01388626e-01  1.96159769e+11 
 1.44000000e+00  1.41194453e+00  1.81642892e-04  1.81642892e+08  1.76911897e+00  1.20018633e+01  8.10832299e-01  1.96283445e+11 
 1.45000000e+00  1.42147871e+00  1.84658820e-04  1.84658820e+08  1.74225989e+00  1.17447397e+01  8.20275460e-01  1.96381011e+11 
 1.46000000e+00  1.43101249e+00  1.87677323e-04  1.87677323e+08  1.71601911e+00  1.14932084e+01  8.29718181e-01  1.96452822e+11 
 1.47000000e+00  1.44054593e+00  1.90698023e-04  1.90698023e+08  1.69037559e+00  1.12471124e+01  8.39160529e-01  1.96499216e+11 
 1.48000000e+00  1.45007909e+00  1.93720550e-04  1.93720550e+08  1.66530920e+00  1.10063005e+01  8.48602575e-01  1.96520514e+11 
 1.49000000e+00  1.45961202e+00  1.96744539e-04  1.96744539e+08  1.64080067e+00  1.07706270e+01  8.58044384e-01  1.96517021e+11 
 1.50000000e+00  1.46914478e+00  1.99769634e-04  1.99769634e+08  1.61683155e+00  1.05399512e+01  8.67486024e-01  1.96489022e+11 
 1.51000000e+00  1.47867743e+00  2.02795483e-04  2.02795483e+08  1.59338415e+00  1.03141375e+01  8.76927559e-01  1.96436788e+11 
 1.52000000e+00  1.48821001e+00  2.05821739e-04  2.05821739e+08  1.57044150e+00  1.00930547e+01  8.86369053e-01  1.96360569e+11 
 1.53000000e+00  1.49774258e+00  2.08848063e-04  2.08848063e+08  1.54798733e+00  9.87657671e+00  8.95810568e-01  1.96260600e+11 
 1.54000000e+00  1.50727519e+00  2.11874120e-04  2.11874120e+08  1.52600600e+00  9.66458132e+00  9.05252167e-01  1.96137094e+11 
 1.55000000e+00  1.51680790e+00  2.14899581e-04  2.14899581e+08  1.50448251e+00  9.45695075e+00  9.14693910e-01  1.95990249e+11 
 1.56000000e+00  1.52634075e+00  2.17924121e-04  2.17924121e+08  1.48340243e+00  9.25357119e+00  9.24135857e-01  1.95820244e+11 
 1.57000000e+00  1.53587379e+00  2.20947421e-04  2.20947421e+08  1.46275188e+00  9.05433268e+00  9.33578066e-01  1.95627238e+11 
 1.58000000e+00  1.54540707e+00  2.23969167e-04  2.23969167e+08  1.44251752e+00  8.85912901e+00  9.43020596e-01  1.95411374e+11 
 1.59000000e+00  1.55494063e+00  2.26989047e-04  2.26989047e+08  1.42268650e+00  8.66785753e+00  9.52463505e-01  1.95172775e+11 
 1.60000000e+00  1.56447454e+00  2.30006757e-04  2.30006757e+08  1.40324645e+00  8.48041900e+00  9.61906847e-01  1.94911545e+11 
 1.61000000e+00  1.57400882e+00  2.33021994e-04  2.33021994e+08  1.38418544e+00  8.29671753e+00  9.71350679e-01  1.94627774e+11 
 1.62000000e+00  1.58354353e+00  2.36034461e-04  2.36034461e+08  1.36549199e+00  8.11666039e+00  9.80795056e-01  1.94321531e+11 
 1.63000000e+00  1.59307872e+00  2.39043863e-04  2.39043863e+08  1.34715500e+00  7.94015793e+00  9.90240031e-01  1.93992868e+11 
 1.64000000e+00  1.60261442e+00  2.42049910e-04  2.42049910e+08  1.32916379e+00  7.76712344e+00  9.99685659e-01  1.93641823e+11 
 1.65000000e+00  1.61215069e+00  2.45052315e-04  2.45052315e+08  1.31150804e+00  7.59747306e+00  1.00913199e+00  1.93268416e+11 
 1.66000000e+00  1.62168756e+00  2.48050793e-04  2.48050793e+08  1.29417776e+00  7.43112567e+00  1.01857908e+00  1.92872654e+11 
 1.67000000e+00  1.63122509e+00  2.51045065e-04  2.51045065e+08  1.27716332e+00  7.26800283e+00  1.02802698e+00  1.92454527e+11 
 1.68000000e+00  1.64076330e+00  2.54034851e-04  2.54034851e+08  1.26045542e+00  7.10802859e+00  1.03747574e+00  1.92014017e+11 
 1.69000000e+00  1.65030225e+00  2.57019877e-04  2.57019877e+08  1.24404503e+00  6.95112953e+00  1.04692541e+00  1.91551090e+11 
 1.70000000e+00  1.65984198e+00  2.59999869e-04  2.59999869e+08  1.22792343e+00  6.79723456e+00  1.05637604e+00  1.91065706e+11 
 1.71000000e+00  1.66938253e+00  2.62974557e-04  2.62974557e+08  1.21208219e+00  6.64627489e+00  1.06582768e+00  1.90557815e+11 
 1.72000000e+00  1.67892394e+00  2.65943671e-04  2.65943671e+08  1.19651312e+00  6.49818398e+00  1.07528038e+00  1.90027361e+11 
 1.73000000e+00  1.68846625e+00  2.68906946e-04  2.68906946e+08  1.18120831e+00  6.35289740e+00  1.08473419e+00  1.89474287e+11 
 1.74000000e+00  1.69800950e+00  2.71864116e-04  2.71864116e+08  1.16616005e+00  6.21035279e+00  1.09418915e+00  1.88898530e+11 
 1.75000000e+00  1.70755374e+00  2.74814917e-04  2.74814917e+08  1.15136090e+00  6.07048982e+00  1.10364532e+00  1.88300034e+11 
 1.76000000e+00  1.71709900e+00  2.77759087e-04  2.77759087e+08  1.13680362e+00  5.93325006e+00  1.11310275e+00  1.87678742e+11 
 1.77000000e+00  1.72664532e+00  2.80696366e-04  2.80696366e+08  1.12248119e+00  5.79857697e+00  1.12256148e+00  1.87034607e+11 
 1.78000000e+00  1.73619275e+00  2.83626494e-04  2.83626494e+08  1.10838677e+00  5.66641582e+00  1.13202155e+00  1.86367592e+11 
 1.79000000e+00  1.74574133e+00  2.86549210e-04  2.86549210e+08  1.09451372e+00  5.53671365e+00  1.14148303e+00  1.85677673e+11 
 1.80000000e+00  1.75529109e+00  2.89464257e-04  2.89464257e+08  1.08085559e+00  5.40941916e+00  1.15094594e+00  1.84964841e+11 
