 v-sweep         vgs             id              id_w            gm_id           gm_gds          vov             gm_cgg         
 0.00000000e+00 -2.24525798e-11  1.45367422e-13  1.45367422e-01  3.24629762e+01  7.84221246e+01 -4.94102407e-01  2.56755095e+03 
 1.00000000e-02  9.99999997e-03  2.01115740e-13  2.01115740e-01  3.24601649e+01  7.84159399e+01 -4.84102407e-01  3.54363664e+03 
 2.00000000e-02  2.00000000e-02  2.78235015e-13  2.78235015e-01  3.24568597e+01  7.84085644e+01 -4.74102407e-01  4.88657142e+03 
 3.00000000e-02  2.99999999e-02  3.84912419e-13  3.84912419e-01  3.24529740e+01  7.83997903e+01 -4.64102407e-01  6.73232520e+03 
 4.00000000e-02  3.99999999e-02  5.32468287e-13  5.32468287e-01  3.24484064e+01  7.83893738e+01 -4.54102407e-01  9.26642421e+03 
 5.00000000e-02  4.99999999e-02  7.36553065e-13  7.36553065e-01  3.24430380e+01  7.83770291e+01 -4.44102407e-01  1.27416540e+04 
 6.00000000e-02  5.99999998e-02  1.01880023e-12  1.01880023e+00  3.24367291e+01  7.83624215e+01 -4.34102407e-01  1.75019396e+04 
 7.00000000e-02  6.99999998e-02  1.40910803e-12  1.40910803e+00  3.24293161e+01  7.83451594e+01 -4.24102407e-01  2.40144998e+04 
 8.00000000e-02  7.99999997e-02  1.94878809e-12  1.94878809e+00  3.24206075e+01  7.83247848e+01 -4.14102407e-01  3.29130641e+04 
 9.00000000e-02  8.99999996e-02  2.69490778e-12  2.69490778e+00  3.24103791e+01  7.83007627e+01 -4.04102407e-01  4.50558500e+04 
 1.00000000e-01  9.99999994e-02  3.72627592e-12  3.72627592e+00  3.23983687e+01  7.82724689e+01 -3.94102408e-01  6.16031915e+04 
 1.10000000e-01  1.09999999e-01  5.15168780e-12  5.15168780e+00  3.23842701e+01  7.82391764e+01 -3.84102408e-01  8.41212778e+04 
 1.20000000e-01  1.19999999e-01  7.12127341e-12  7.12127341e+00  3.23677262e+01  7.82000397e+01 -3.74102408e-01  1.14720496e+05 
 1.30000000e-01  1.29999998e-01  9.84210245e-12  9.84210245e+00  3.23483207e+01  7.81540775e+01 -3.64102409e-01  1.56239531e+05 
 1.40000000e-01  1.39999998e-01  1.35996192e-11  1.35996192e+01  3.23255697e+01  7.81001540e+01 -3.54102409e-01  2.12489789e+05 
 1.50000000e-01  1.49999997e-01  1.87870476e-11  1.87870476e+01  3.22989118e+01  7.80369580e+01 -3.44102410e-01  2.88579122e+05 
 1.60000000e-01  1.59999996e-01  2.59456708e-11  2.59456708e+01  3.22676965e+01  7.79629815e+01 -3.34102412e-01  3.91339422e+05 
 1.70000000e-01  1.69999994e-01  3.58199077e-11  3.58199077e+01  3.22311734e+01  7.78764971e+01 -3.24102414e-01  5.29889726e+05 
 1.80000000e-01  1.79999992e-01  4.94324717e-11  4.94324717e+01  3.21884787e+01  7.77755363e+01 -3.14102416e-01  7.16375291e+05 
 1.90000000e-01  1.89999989e-01  6.81866868e-11  6.81866868e+01  3.21386229e+01  7.76578693e+01 -3.04102420e-01  9.66933903e+05 
 2.00000000e-01  1.99999985e-01  9.40053877e-11  9.40053877e+01  3.20804773e+01  7.75209893e+01 -2.94102424e-01  1.30295374e+06 
 2.10000000e-01  2.09999980e-01  1.29518875e-10  1.29518875e+02  3.20127623e+01  7.73621038e+01 -2.84102431e-01  1.75270242e+06 
 2.20000000e-01  2.19999972e-01  1.78318297e-10  1.78318297e+02  3.19340368e+01  7.71781371e+01 -2.74102440e-01  2.35342428e+06 
 2.30000000e-01  2.29999962e-01  2.45295745e-10  2.45295745e+02  3.18426918e+01  7.69657498e+01 -2.64102453e-01  3.15402193e+06 
 2.40000000e-01  2.39999948e-01  3.37098453e-10  3.37098453e+02  3.17369487e+01  7.67213828e+01 -2.54102470e-01  4.21845733e+06 
 2.50000000e-01  2.49999929e-01  4.62731886e-10  4.62731886e+02  3.16148657e+01  7.64413331e+01 -2.44102493e-01  5.63002549e+06 
 2.60000000e-01  2.59999902e-01  6.34355254e-10  6.34355254e+02  3.14743555e+01  7.61218749e+01 -2.34102525e-01  7.49666699e+06 
 2.70000000e-01  2.69999866e-01  8.68322963e-10  8.68322963e+02  3.13132174e+01  7.57594346e+01 -2.24102569e-01  9.95749080e+06 
 2.80000000e-01  2.79999817e-01  1.18653655e-09  1.18653655e+03  3.11291884e+01  7.53508361e+01 -2.14102628e-01  1.31906714e+07 
 2.90000000e-01  2.89999750e-01  1.61818304e-09  1.61818304e+03  3.09200163e+01  7.48936253e+01 -2.04102708e-01  1.74228618e+07 
 3.00000000e-01  2.99999660e-01  2.20194699e-09  2.20194699e+03  3.06835592e+01  7.43864847e+01 -1.94102817e-01  2.29402226e+07 
 3.10000000e-01  3.09999538e-01  2.98879342e-09  2.98879342e+03  3.04179114e+01  7.38297392e+01 -1.84102963e-01  3.01011176e+07 
 3.20000000e-01  3.19999375e-01  4.04542698e-09  4.04542698e+03  3.01215546e+01  7.32259418e+01 -1.74103160e-01  3.93504694e+07 
 3.30000000e-01  3.29999157e-01  5.45853844e-09  5.45853844e+03  2.97935254e+01  7.25805143e+01 -1.64103423e-01  5.12357395e+07 
 3.40000000e-01  3.39998866e-01  7.33995352e-09  7.33995352e+03  2.94335858e+01  7.19023892e+01 -1.54103774e-01  6.64245156e+07 
 3.50000000e-01  3.49998481e-01  9.83280270e-09  9.83280270e+03  2.90423722e+01  7.12045749e+01 -1.44104238e-01  8.57237759e+07 
 3.60000000e-01  3.59997974e-01  1.31188371e-08  1.31188371e+04  2.86214892e+01  7.05045366e+01 -1.34104850e-01  1.10101060e+08 
 3.70000000e-01  3.69997308e-01  1.74270262e-08  1.74270262e+04  2.81735122e+01  6.98242623e+01 -1.24105652e-01  1.40707911e+08 
 3.80000000e-01  3.79996441e-01  2.30435867e-08  2.30435867e+04  2.77018570e+01  6.91898797e+01 -1.14106698e-01  1.78905918e+08 
 3.90000000e-01  3.89995316e-01  3.03235950e-08  3.03235950e+04  2.72104912e+01  6.86307072e+01 -1.04108054e-01  2.26295112e+08 
 4.00000000e-01  3.99993868e-01  3.97043044e-08  3.97043044e+04  2.67034860e+01  6.81776786e+01 -9.41098008e-02  2.84743122e+08 
 4.10000000e-01  4.09992012e-01  5.17201779e-08  5.17201779e+04  2.61844463e+01  6.78611716e+01 -8.41120385e-02  3.56410974e+08 
 4.20000000e-01  4.19989649e-01  6.70194001e-08  6.70194001e+04  2.56559064e+01  6.77083858e+01 -7.41148876e-02  4.43767989e+08 
 4.30000000e-01  4.29986658e-01  8.63812143e-08  8.63812143e+04  2.51188176e+01  6.77405367e+01 -6.41184933e-02  5.49584546e+08 
 4.40000000e-01  4.39982897e-01  1.10732829e-07  1.10732829e+05  2.45722682e+01  6.79702271e+01 -5.41230282e-02  6.76889001e+08 
 4.50000000e-01  4.49978197e-01  1.41163932e-07  1.41163932e+05  2.40135494e+01  6.83993926e+01 -4.41286952e-02  8.28875599e+08 
 4.60000000e-01  4.59972363e-01  1.78936212e-07  1.78936212e+05  2.34386095e+01  6.90181778e+01 -3.41357294e-02  1.00875532e+09 
 4.70000000e-01  4.69965173e-01  2.25484918e-07  2.25484918e+05  2.28428341e+01  6.98049782e+01 -2.41443980e-02  1.21955155e+09 
 4.80000000e-01  4.79956381e-01  2.82409680e-07  2.82409680e+05  2.22220020e+01  7.07277102e+01 -1.41549988e-02  1.46385575e+09 
 4.90000000e-01  4.89945717e-01  3.51452653e-07  3.51452653e+05  2.15732092e+01  7.17461709e+01 -4.16785633e-03  1.74357141e+09 
 5.00000000e-01  4.99932895e-01  4.34463535e-07  4.34463535e+05  2.08955653e+01  7.28151814e+01  5.81668498e-03  2.05968383e+09 
 5.10000000e-01  5.09917622e-01  5.33352924e-07  5.33352924e+05  2.01905357e+01  7.38880953e+01  1.57982694e-02  2.41209397e+09 
 5.20000000e-01  5.19899599e-01  6.50037357e-07  6.50037357e+05  1.94618948e+01  7.49202241e+01  2.57765399e-02  2.79954715e+09 
 5.30000000e-01  5.29878540e-01  7.86380850e-07  7.86380850e+05  1.87153500e+01  7.58717805e+01  3.57511495e-02  3.21967171e+09 
 5.40000000e-01  5.39854174e-01  9.44138403e-07  9.44138403e+05  1.79579510e+01  7.67100546e+01  4.57217714e-02  3.66912335e+09 
 5.50000000e-01  5.49826254e-01  1.12490665e-06  1.12490665e+06  1.71974168e+01  7.74106829e+01  5.56881083e-02  4.14381360e+09 
 5.60000000e-01  5.59794563e-01  1.33008573e-06  1.33008573e+06  1.64414956e+01  7.79580159e+01  6.56498994e-02  4.63918852e+09 
 5.70000000e-01  5.69758920e-01  1.56085469e-06  1.56085469e+06  1.56974361e+01  7.83447057e+01  7.56069254e-02  5.15051980e+09 
 5.80000000e-01  5.79719178e-01  1.81816109e-06  1.81816109e+06  1.49716101e+01  7.85707133e+01  8.55590097e-02  5.67317374e+09 
 5.90000000e-01  5.89675226e-01  2.10272357e-06  2.10272357e+06  1.42692900e+01  7.86419586e+01  9.55060187e-02  6.20283298e+09 
 6.00000000e-01  5.99626987e-01  2.41504529e-06  2.41504529e+06  1.35945621e+01  7.85688253e+01  1.05447859e-01  6.73565673e+09 
 6.10000000e-01  6.09574412e-01  2.75543518e-06  2.75543518e+06  1.29503483e+01  7.83646948e+01  1.15384472e-01  7.26837669e+09 
 6.20000000e-01  6.19517480e-01  3.12403402e-06  3.12403402e+06  1.23384998e+01  7.80446294e+01  1.25315833e-01  7.79833414e+09 
 6.30000000e-01  6.29456192e-01  3.52084271e-06  3.52084271e+06  1.17599354e+01  7.76242752e+01  1.35241942e-01  8.32346897e+09 
 6.40000000e-01  6.39390563e-01  3.94575017e-06  3.94575017e+06  1.12147977e+01  7.71190115e+01  1.45162819e-01  8.84227405e+09 
 6.50000000e-01  6.49320625e-01  4.39855952e-06  4.39855952e+06  1.07026118e+01  7.65433409e+01  1.55078500e-01  9.35372760e+09 
 6.60000000e-01  6.59246417e-01  4.87901132e-06  4.87901132e+06  1.02224325e+01  7.59104928e+01  1.64989036e-01  9.85721502e+09 
 6.70000000e-01  6.69167987e-01  5.38680334e-06  5.38680334e+06  9.77297469e+00  7.52322051e+01  1.74894481e-01  1.03524488e+10 
 6.80000000e-01  6.79085384e-01  5.92160671e-06  5.92160671e+06  9.35272458e+00  7.45186424e+01  1.84794897e-01  1.08393926e+10 
 6.90000000e-01  6.88998663e-01  6.48307868e-06  6.48307868e+06  8.96002968e+00  7.37784160e+01  1.94690349e-01  1.13181933e+10 
 7.00000000e-01  6.98907876e-01  7.07087217e-06  7.07087217e+06  8.59317065e+00  7.30186713e+01  2.04580900e-01  1.17891235e+10 
 7.10000000e-01  7.08813076e-01  7.68464274e-06  7.68464274e+06  8.25041603e+00  7.22452173e+01  2.14466616e-01  1.22525332e+10 
 7.20000000e-01  7.18714317e-01  8.32405320e-06  8.32405320e+06  7.93006292e+00  7.14626769e+01  2.24347559e-01  1.27088128e+10 
 7.30000000e-01  7.28611648e-01  8.98877649e-06  8.98877649e+06  7.63046583e+00  7.06746458e+01  2.34223791e-01  1.31583642e+10 
 7.40000000e-01  7.38505117e-01  9.67849713e-06  9.67849713e+06  7.35005614e+00  6.98838461e+01  2.44095370e-01  1.36015801e+10 
 7.50000000e-01  7.48394773e-01  1.03929116e-05  1.03929116e+07  7.08735419e+00  6.90922717e+01  2.53962352e-01  1.40388294e+10 
 7.60000000e-01  7.58280660e-01  1.11317281e-05  1.11317281e+07  6.84097583e+00  6.83013195e+01  2.63824794e-01  1.44704480e+10 
 7.70000000e-01  7.68162821e-01  1.18946655e-05  1.18946655e+07  6.60963463e+00  6.75119062e+01  2.73682746e-01  1.48967337e+10 
 7.80000000e-01  7.78041299e-01  1.26814526e-05  1.26814526e+07  6.39214126e+00  6.67245685e+01  2.83536260e-01  1.53179438e+10 
 7.90000000e-01  7.87916133e-01  1.34918262e-05  1.34918262e+07  6.18740055e+00  6.59395495e+01  2.93385385e-01  1.57342950e+10 
 8.00000000e-01  7.97787365e-01  1.43255301e-05  1.43255301e+07  5.99440640e+00  6.51568612e+01  3.03230168e-01  1.61459651e+10 
 8.10000000e-01  8.07655031e-01  1.51823134e-05  1.51823134e+07  5.81223798e+00  6.43763579e+01  3.13070658e-01  1.65530955e+10 
 8.20000000e-01  8.17519171e-01  1.60619297e-05  1.60619297e+07  5.64005557e+00  6.35978028e+01  3.22906899e-01  1.69557943e+10 
 8.30000000e-01  8.27379821e-01  1.69641355e-05  1.69641355e+07  5.47709131e+00  6.28208694e+01  3.32738937e-01  1.73541400e+10 
 8.40000000e-01  8.37237020e-01  1.78886892e-05  1.78886892e+07  5.32264492e+00  6.20451890e+01  3.42566818e-01  1.77481849e+10 
 8.50000000e-01  8.47090805e-01  1.88353504e-05  1.88353504e+07  5.17607809e+00  6.12703752e+01  3.52390587e-01  1.81379589e+10 
 8.60000000e-01  8.56941212e-01  1.98038784e-05  1.98038784e+07  5.03680909e+00  6.04960430e+01  3.62210288e-01  1.85234725e+10 
 8.70000000e-01  8.66788279e-01  2.07940324e-05  2.07940324e+07  4.90430773e+00  5.97218228e+01  3.72025967e-01  1.89047204e+10 
 8.80000000e-01  8.76632042e-01  2.18055702e-05  2.18055702e+07  4.77809061e+00  5.89473711e+01  3.81837668e-01  1.92816837e+10 
 8.90000000e-01  8.86472541e-01  2.28382481e-05  2.28382481e+07  4.65771682e+00  5.81723778e+01  3.91645438e-01  1.96543334e+10 
 9.00000000e-01  8.96309813e-01  2.38918204e-05  2.38918204e+07  4.54278389e+00  5.73965710e+01  4.01449323e-01  2.00226320e+10 
 9.10000000e-01  9.06143895e-01  2.49660394e-05  2.49660394e+07  4.43292417e+00  5.66197206e+01  4.11249368e-01  2.03865358e+10 
 9.20000000e-01  9.15974828e-01  2.60606549e-05  2.60606549e+07  4.32780148e+00  5.58416389e+01  4.21045621e-01  2.07459966e+10 
 9.30000000e-01  9.25802649e-01  2.71754142e-05  2.71754142e+07  4.22710810e+00  5.50621816e+01  4.30838129e-01  2.11009634e+10 
 9.40000000e-01  9.35627398e-01  2.83100623e-05  2.83100623e+07  4.13056209e+00  5.42812473e+01  4.40626939e-01  2.14513834e+10 
 9.50000000e-01  9.45449115e-01  2.94643415e-05  2.94643415e+07  4.03790474e+00  5.34987754e+01  4.50412100e-01  2.17972032e+10 
 9.60000000e-01  9.55267840e-01  3.06379917e-05  3.06379917e+07  3.94889843e+00  5.27147453e+01  4.60193661e-01  2.21383698e+10 
 9.70000000e-01  9.65083613e-01  3.18307504e-05  3.18307504e+07  3.86332463e+00  5.19291741e+01  4.69971670e-01  2.24748313e+10 
 9.80000000e-01  9.74896476e-01  3.30423530e-05  3.30423530e+07  3.78098203e+00  5.11421138e+01  4.79746177e-01  2.28065372e+10 
 9.90000000e-01  9.84706470e-01  3.42725326e-05  3.42725326e+07  3.70168501e+00  5.03536496e+01  4.89517232e-01  2.31334394e+10 
 1.00000000e+00  9.94513636e-01  3.55210205e-05  3.55210205e+07  3.62526215e+00  4.95638968e+01  4.99284885e-01  2.34554920e+10 
 1.01000000e+00  1.00431802e+00  3.67875460e-05  3.67875460e+07  3.55155491e+00  4.87729988e+01  5.09049187e-01  2.37726520e+10 
 1.02000000e+00  1.01411965e+00  3.80718367e-05  3.80718367e+07  3.48041649e+00  4.79811242e+01  5.18810189e-01  2.40848792e+10 
 1.03000000e+00  1.02391859e+00  3.93736191e-05  3.93736191e+07  3.41171075e+00  4.71884646e+01  5.28567941e-01  2.43921364e+10 
 1.04000000e+00  1.03371486e+00  4.06926180e-05  4.06926180e+07  3.34531128e+00  4.63952324e+01  5.38322496e-01  2.46943893e+10 
 1.05000000e+00  1.04350852e+00  4.20285573e-05  4.20285573e+07  3.28110052e+00  4.56016581e+01  5.48073904e-01  2.49916068e+10 
 1.06000000e+00  1.05329961e+00  4.33811599e-05  4.33811599e+07  3.21896903e+00  4.48079888e+01  5.57822218e-01  2.52837607e+10 
 1.07000000e+00  1.06308816e+00  4.47501480e-05  4.47501480e+07  3.15881474e+00  4.40144856e+01  5.67567490e-01  2.55708256e+10 
 1.08000000e+00  1.07287423e+00  4.61352429e-05  4.61352429e+07  3.10054237e+00  4.32214219e+01  5.77309772e-01  2.58527788e+10 
 1.09000000e+00  1.08265785e+00  4.75361657e-05  4.75361657e+07  3.04406286e+00  4.24290819e+01  5.87049115e-01  2.61296003e+10 
 1.10000000e+00  1.09243907e+00  4.89526372e-05  4.89526372e+07  2.98929282e+00  4.16377583e+01  5.96785573e-01  2.64012725e+10 
 1.11000000e+00  1.10221793e+00  5.03843779e-05  5.03843779e+07  2.93615411e+00  4.08477512e+01  6.06519196e-01  2.66677799e+10 
 1.12000000e+00  1.11199448e+00  5.18311082e-05  5.18311082e+07  2.88457341e+00  4.00593668e+01  6.16250039e-01  2.69291092e+10 
 1.13000000e+00  1.12176875e+00  5.32925488e-05  5.32925488e+07  2.83448182e+00  3.92729152e+01  6.25978151e-01  2.71852487e+10 
 1.14000000e+00  1.13154080e+00  5.47684202e-05  5.47684202e+07  2.78581454e+00  3.84887103e+01  6.35703587e-01  2.74361884e+10 
 1.15000000e+00  1.14131066e+00  5.62584436e-05  5.62584436e+07  2.73851052e+00  3.77070675e+01  6.45426398e-01  2.76819194e+10 
 1.16000000e+00  1.15107838e+00  5.77623402e-05  5.77623402e+07  2.69251223e+00  3.69283037e+01  6.55146636e-01  2.79224341e+10 
 1.17000000e+00  1.16084399e+00  5.92798319e-05  5.92798319e+07  2.64776535e+00  3.61527352e+01  6.64864352e-01  2.81577255e+10 
 1.18000000e+00  1.17060755e+00  6.08106408e-05  6.08106408e+07  2.60421855e+00  3.53806779e+01  6.74579600e-01  2.83877872e+10 
 1.19000000e+00  1.18036910e+00  6.23544898e-05  6.23544898e+07  2.56182325e+00  3.46124458e+01  6.84292430e-01  2.86126131e+10 
 1.20000000e+00  1.19012867e+00  6.39111023e-05  6.39111023e+07  2.52053348e+00  3.38483503e+01  6.94002895e-01  2.88321969e+10 
 1.21000000e+00  1.19988632e+00  6.54802023e-05  6.54802023e+07  2.48030562e+00  3.30886998e+01  7.03711045e-01  2.90465322e+10 
 1.22000000e+00  1.20964208e+00  6.70615144e-05  6.70615144e+07  2.44109829e+00  3.23337988e+01  7.13416933e-01  2.92556118e+10 
 1.23000000e+00  1.21939600e+00  6.86547637e-05  6.86547637e+07  2.40287218e+00  3.15839477e+01  7.23120609e-01  2.94594277e+10 
 1.24000000e+00  1.22914811e+00  7.02596762e-05  7.02596762e+07  2.36558988e+00  3.08394418e+01  7.32822126e-01  2.96579707e+10 
 1.25000000e+00  1.23889847e+00  7.18759783e-05  7.18759783e+07  2.32921579e+00  3.01005714e+01  7.42521533e-01  2.98512300e+10 
 1.26000000e+00  1.24864711e+00  7.35033969e-05  7.35033969e+07  2.29371598e+00  2.93676210e+01  7.52218881e-01  3.00391929e+10 
 1.27000000e+00  1.25839407e+00  7.51416595e-05  7.51416595e+07  2.25905807e+00  2.86408693e+01  7.61914223e-01  3.02218447e+10 
 1.28000000e+00  1.26813940e+00  7.67904941e-05  7.67904941e+07  2.22521114e+00  2.79205885e+01  7.71607608e-01  3.03991682e+10 
 1.29000000e+00  1.27788314e+00  7.84496288e-05  7.84496288e+07  2.19214563e+00  2.72070445e+01  7.81299087e-01  3.05711434e+10 
 1.30000000e+00  1.28762533e+00  8.01187923e-05  8.01187923e+07  2.15983324e+00  2.65004963e+01  7.90988710e-01  3.07377469e+10 
 1.31000000e+00  1.29736602e+00  8.17977131e-05  8.17977131e+07  2.12824688e+00  2.58011961e+01  8.00676530e-01  3.08989522e+10 
 1.32000000e+00  1.30710523e+00  8.34861199e-05  8.34861199e+07  2.09736054e+00  2.51093888e+01  8.10362595e-01  3.10547286e+10 
 1.33000000e+00  1.31684303e+00  8.51837415e-05  8.51837415e+07  2.06714926e+00  2.44253125e+01  8.20046957e-01  3.12050415e+10 
 1.34000000e+00  1.32657944e+00  8.68903061e-05  8.68903061e+07  2.03758904e+00  2.37491977e+01  8.29729666e-01  3.13498516e+10 
 1.35000000e+00  1.33631452e+00  8.86055417e-05  8.86055417e+07  2.00865679e+00  2.30812675e+01  8.39410773e-01  3.14891148e+10 
 1.36000000e+00  1.34604830e+00  9.03291755e-05  9.03291755e+07  1.98033027e+00  2.24217379e+01  8.49090330e-01  3.16227816e+10 
 1.37000000e+00  1.35578082e+00  9.20609340e-05  9.20609340e+07  1.95258801e+00  2.17708170e+01  8.58768386e-01  3.17507969e+10 
 1.38000000e+00  1.36551213e+00  9.38005427e-05  9.38005427e+07  1.92540928e+00  2.11287060e+01  8.68444993e-01  3.18730998e+10 
 1.39000000e+00  1.37524227e+00  9.55477256e-05  9.55477256e+07  1.89877404e+00  2.04955982e+01  8.78120203e-01  3.19896230e+10 
 1.40000000e+00  1.38497129e+00  9.73022055e-05  9.73022055e+07  1.87266288e+00  1.98716796e+01  8.87794067e-01  3.21002925e+10 
 1.41000000e+00  1.39469921e+00  9.90637030e-05  9.90637030e+07  1.84705698e+00  1.92571287e+01  8.97466637e-01  3.22050272e+10 
 1.42000000e+00  1.40442610e+00  1.00831937e-04  1.00831937e+08  1.82193807e+00  1.86521168e+01  9.07137966e-01  3.23037390e+10 
 1.43000000e+00  1.41415200e+00  1.02606623e-04  1.02606623e+08  1.79728839e+00  1.80568077e+01  9.16808106e-01  3.23963319e+10 
 1.44000000e+00  1.42387694e+00  1.04387475e-04  1.04387475e+08  1.77309064e+00  1.74713576e+01  9.26477111e-01  3.24827021e+10 
 1.45000000e+00  1.43360097e+00  1.06174202e-04  1.06174202e+08  1.74932796e+00  1.68959159e+01  9.36145036e-01  3.25627378e+10 
 1.46000000e+00  1.44332414e+00  1.07966512e-04  1.07966512e+08  1.72598387e+00  1.63306243e+01  9.45811933e-01  3.26363187e+10 
 1.47000000e+00  1.45304649e+00  1.09764107e-04  1.09764107e+08  1.70304227e+00  1.57756173e+01  9.55477860e-01  3.27033162e+10 
 1.48000000e+00  1.46276808e+00  1.11566685e-04  1.11566685e+08  1.68048736e+00  1.52310223e+01  9.65142872e-01  3.27635929e+10 
 1.49000000e+00  1.47248894e+00  1.13373938e-04  1.13373938e+08  1.65830368e+00  1.46969593e+01  9.74807026e-01  3.28170028e+10 
 1.50000000e+00  1.48220913e+00  1.15185556e-04  1.15185556e+08  1.63647599e+00  1.41735412e+01  9.84470381e-01  3.28633913e+10 
 1.51000000e+00  1.49192869e+00  1.17001218e-04  1.17001218e+08  1.61498934e+00  1.36608734e+01  9.94132995e-01  3.29025952e+10 
 1.52000000e+00  1.50164768e+00  1.18820600e-04  1.18820600e+08  1.59382895e+00  1.31590543e+01  1.00379493e+00  3.29344429e+10 
 1.53000000e+00  1.51136615e+00  1.20643371e-04  1.20643371e+08  1.57298026e+00  1.26681747e+01  1.01345625e+00  3.29587546e+10 
 1.54000000e+00  1.52108414e+00  1.22469189e-04  1.22469189e+08  1.55242887e+00  1.21883180e+01  1.02311701e+00  3.29753426e+10 
 1.55000000e+00  1.53080172e+00  1.24297708e-04  1.24297708e+08  1.53216053e+00  1.17195601e+01  1.03277728e+00  3.29840121e+10 
 1.56000000e+00  1.54051894e+00  1.26128569e-04  1.26128569e+08  1.51216111e+00  1.12619693e+01  1.04243713e+00  3.29845613e+10 
 1.57000000e+00  1.55023585e+00  1.27961405e-04  1.27961405e+08  1.49241663e+00  1.08156061e+01  1.05209662e+00  3.29767825e+10 
 1.58000000e+00  1.55995251e+00  1.29795839e-04  1.29795839e+08  1.47291316e+00  1.03805229e+01  1.06175583e+00  3.29604624e+10 
 1.59000000e+00  1.56966899e+00  1.31631482e-04  1.31631482e+08  1.45363692e+00  9.95676395e+00  1.07141482e+00  3.29353837e+10 
 1.60000000e+00  1.57938534e+00  1.33467934e-04  1.33467934e+08  1.43457420e+00  9.54436524e+00  1.08107367e+00  3.29013256e+10 
 1.61000000e+00  1.58910164e+00  1.35304781e-04  1.35304781e+08  1.41571138e+00  9.14335393e+00  1.09073247e+00  3.28580655e+10 
 1.62000000e+00  1.59881793e+00  1.37141596e-04  1.37141596e+08  1.39703494e+00  8.75374822e+00  1.10039128e+00  3.28053800e+10 
 1.63000000e+00  1.60853430e+00  1.38977939e-04  1.38977939e+08  1.37853150e+00  8.37555699e+00  1.11005019e+00  3.27430465e+10 
 1.64000000e+00  1.61825081e+00  1.40813355e-04  1.40813355e+08  1.36018778e+00  8.00877944e+00  1.11970928e+00  3.26708449e+10 
 1.65000000e+00  1.62796754e+00  1.42647374e-04  1.42647374e+08  1.34199067e+00  7.65340467e+00  1.12936865e+00  3.25885597e+10 
 1.66000000e+00  1.63768456e+00  1.44479508e-04  1.44479508e+08  1.32392727e+00  7.30941129e+00  1.13902837e+00  3.24959814e+10 
 1.67000000e+00  1.64740195e+00  1.46309256e-04  1.46309256e+08  1.30598492e+00  6.97676691e+00  1.14868855e+00  3.23929092e+10 
 1.68000000e+00  1.65711979e+00  1.48136098e-04  1.48136098e+08  1.28815124e+00  6.65542770e+00  1.15834929e+00  3.22791530e+10 
 1.69000000e+00  1.66683816e+00  1.49959499e-04  1.49959499e+08  1.27041424e+00  6.34533789e+00  1.16801067e+00  3.21545361e+10 
 1.70000000e+00  1.67655714e+00  1.51778905e-04  1.51778905e+08  1.25276235e+00  6.04642926e+00  1.17767280e+00  3.20188982e+10 
 1.71000000e+00  1.68627683e+00  1.53593748e-04  1.53593748e+08  1.23518455e+00  5.75862062e+00  1.18733580e+00  3.18720977e+10 
 1.72000000e+00  1.69599732e+00  1.55403440e-04  1.55403440e+08  1.21767045e+00  5.48181737e+00  1.19699976e+00  3.17140155e+10 
 1.73000000e+00  1.70571869e+00  1.57207381e-04  1.57207381e+08  1.20021041e+00  5.21591092e+00  1.20666480e+00  3.15445580e+10 
 1.74000000e+00  1.71544105e+00  1.59004954e-04  1.59004954e+08  1.18279564e+00  4.96077837e+00  1.21633104e+00  3.13636612e+10 
 1.75000000e+00  1.72516449e+00  1.60795528e-04  1.60795528e+08  1.16541836e+00  4.71628202e+00  1.22599858e+00  3.11712938e+10 
 1.76000000e+00  1.73488911e+00  1.62578461e-04  1.62578461e+08  1.14807193e+00  4.48226911e+00  1.23566756e+00  3.09674617e+10 
 1.77000000e+00  1.74461501e+00  1.64353100e-04  1.64353100e+08  1.13075095e+00  4.25857153e+00  1.24533808e+00  3.07522116e+10 
 1.78000000e+00  1.75434229e+00  1.66118784e-04  1.66118784e+08  1.11345146e+00  4.04500576e+00  1.25501028e+00  3.05256353e+10 
 1.79000000e+00  1.76407106e+00  1.67874847e-04  1.67874847e+08  1.09617100e+00  3.84137281e+00  1.26468427e+00  3.02878732e+10 
 1.80000000e+00  1.77380142e+00  1.69620619e-04  1.69620619e+08  1.07890876e+00  3.64745838e+00  1.27436019e+00  3.00391183e+10 
