 v-sweep         vgs             id              id_w            gm_id           gm_gds          vov             gm_cgg         
 0.00000000e+00 -1.64263942e-10  1.06351368e-12  1.06351368e+00  2.75629429e+01  1.65568702e+01 -5.82299693e-01  9.97285663e+04 
 1.00000000e-02  9.99999979e-03  1.40101996e-12  1.40101996e+00  2.75614836e+01  1.65615318e+01 -5.72299693e-01  1.31494263e+05 
 2.00000000e-02  1.99999997e-02  1.84560506e-12  1.84560506e+00  2.75598094e+01  1.65661787e+01 -5.62299693e-01  1.73296501e+05 
 3.00000000e-02  2.99999996e-02  2.43122654e-12  2.43122654e+00  2.75578886e+01  1.65708082e+01 -5.52299693e-01  2.28275262e+05 
 4.00000000e-02  3.99999995e-02  3.20260325e-12  3.20260325e+00  2.75556851e+01  1.65754176e+01 -5.42299694e-01  3.00541104e+05 
 5.00000000e-02  4.99999993e-02  4.21862181e-12  4.21862181e+00  2.75531575e+01  1.65800033e+01 -5.32299694e-01  3.95470786e+05 
 6.00000000e-02  5.99999991e-02  5.55681939e-12  5.55681939e+00  2.75502582e+01  1.65845615e+01 -5.22299694e-01  5.20091333e+05 
 7.00000000e-02  6.99999989e-02  7.31928188e-12  7.31928188e+00  2.75469331e+01  1.65890878e+01 -5.12299694e-01  6.83578427e+05 
 8.00000000e-02  7.99999985e-02  9.64040294e-12  9.64040294e+00  2.75431199e+01  1.65935770e+01 -5.02299695e-01  8.97902430e+05 
 9.00000000e-02  8.99999980e-02  1.26970886e-11  1.26970886e+01  2.75387477e+01  1.65980234e+01 -4.92299695e-01  1.17866471e+06 
 1.00000000e-01  9.99999974e-02  1.67221751e-11  1.67221751e+01  2.75337350e+01  1.66024203e+01 -4.82299696e-01  1.54617904e+06 
 1.10000000e-01  1.09999997e-01  2.20220656e-11  2.20220656e+01  2.75279891e+01  1.66067601e+01 -4.72299697e-01  2.02686798e+06 
 1.20000000e-01  1.19999996e-01  2.89999065e-11  2.89999065e+01  2.75214039e+01  1.66110342e+01 -4.62299698e-01  2.65506381e+06 
 1.30000000e-01  1.29999994e-01  3.81860292e-11  3.81860292e+01  2.75138586e+01  1.66152326e+01 -4.52299700e-01  3.47532769e+06 
 1.40000000e-01  1.39999992e-01  5.02779193e-11  5.02779193e+01  2.75052151e+01  1.66193441e+01 -4.42299702e-01  4.54543235e+06 
 1.50000000e-01  1.49999990e-01  6.61926672e-11  6.61926672e+01  2.74953166e+01  1.66233558e+01 -4.32299705e-01  5.94019211e+06 
 1.60000000e-01  1.59999987e-01  8.71357593e-11  8.71357593e+01  2.74839843e+01  1.66272530e+01 -4.22299709e-01  7.75637363e+06 
 1.70000000e-01  1.69999982e-01  1.14691241e-10  1.14691241e+02  2.74710154e+01  1.66310193e+01 -4.12299715e-01  1.01189821e+07 
 1.80000000e-01  1.79999977e-01  1.50939802e-10  1.50939802e+02  2.74561799e+01  1.66346357e+01 -4.02299721e-01  1.31892944e+07 
 1.90000000e-01  1.89999969e-01  1.98613299e-10  1.98613299e+02  2.74392172e+01  1.66380811e+01 -3.92299731e-01  1.71751063e+07 
 2.00000000e-01  1.99999960e-01  2.61296760e-10  2.61296760e+02  2.74198331e+01  1.66413315e+01 -3.82299742e-01  2.23437786e+07 
 2.10000000e-01  2.09999947e-01  3.43692174e-10  3.43692174e+02  2.73976960e+01  1.66443598e+01 -3.72299758e-01  2.90388122e+07 
 2.20000000e-01  2.19999930e-01  4.51962515e-10  4.51962515e+02  2.73724333e+01  1.66471359e+01 -3.62299778e-01  3.77008594e+07 
 2.30000000e-01  2.29999908e-01  5.94179771e-10  5.94179771e+02  2.73436275e+01  1.66496259e+01 -3.52299805e-01  4.88942928e+07 
 2.40000000e-01  2.39999879e-01  7.80907466e-10  7.80907466e+02  2.73108130e+01  1.66517923e+01 -3.42299841e-01  6.33407122e+07 
 2.50000000e-01  2.49999842e-01  1.02595665e-09  1.02595665e+03  2.72734726e+01  1.66535937e+01 -3.32299887e-01  8.19610737e+07 
 2.60000000e-01  2.59999792e-01  1.34736497e-09  1.34736497e+03  2.72310349e+01  1.66549847e+01 -3.22299948e-01  1.05928488e+08 
 2.70000000e-01  2.69999727e-01  1.76866167e-09  1.76866167e+03  2.71828729e+01  1.66559157e+01 -3.12300027e-01  1.36734150e+08 
 2.80000000e-01  2.79999642e-01  2.32049777e-09  2.32049777e+03  2.71283032e+01  1.66563337e+01 -3.02300132e-01  1.76269325e+08 
 2.90000000e-01  2.89999530e-01  3.04274058e-09  3.04274058e+03  2.70665882e+01  1.66561821e+01 -2.92300268e-01  2.26926875e+08 
 3.00000000e-01  2.99999384e-01  3.98715607e-09  3.98715607e+03  2.69969405e+01  1.66554023e+01 -2.82300447e-01  2.91726342e+08 
 3.10000000e-01  3.09999194e-01  5.22083171e-09  5.22083171e+03  2.69185307e+01  1.66539343e+01 -2.72300680e-01  3.74467273e+08 
 3.20000000e-01  3.19998945e-01  6.83052683e-09  6.83052683e+03  2.68304996e+01  1.66517191e+01 -2.62300985e-01  4.79916096e+08 
 3.30000000e-01  3.29998621e-01  8.92817794e-09  8.92817794e+03  2.67319767e+01  1.66487014e+01 -2.52301381e-01  6.14032554e+08 
 3.40000000e-01  3.39998199e-01  1.16578336e-08  1.16578336e+04  2.66221042e+01  1.66448334e+01 -2.42301897e-01  7.84242418e+08 
 3.50000000e-01  3.49997652e-01  1.52043468e-08  1.52043468e+04  2.65000691e+01  1.66400792e+01 -2.32302568e-01  9.99764019e+08 
 3.60000000e-01  3.59996941e-01  1.98042154e-08  1.98042154e+04  2.63651428e+01  1.66344217e+01 -2.22303438e-01  1.27199709e+09 
 3.70000000e-01  3.69996021e-01  2.57590297e-08  2.57590297e+04  2.62167287e+01  1.66278704e+01 -2.12304564e-01  1.61498371e+09 
 3.80000000e-01  3.79994833e-01  3.34520705e-08  3.34520705e+04  2.60544167e+01  1.66204700e+01 -2.02306018e-01  2.04595301e+09 
 3.90000000e-01  3.89993302e-01  4.33686934e-08  4.33686934e+04  2.58780400e+01  1.66123121e+01 -1.92307894e-01  2.58596401e+09 
 4.00000000e-01  3.99991332e-01  5.61212526e-08  5.61212526e+04  2.56877320e+01  1.66035460e+01 -1.82310305e-01  3.26066486e+09 
 4.10000000e-01  4.09988805e-01  7.24794568e-08  7.24794568e+04  2.54839722e+01  1.65943904e+01 -1.72313398e-01  4.10119197e+09 
 4.20000000e-01  4.19985573e-01  9.34072226e-08  9.34072226e+04  2.52676114e+01  1.65851431e+01 -1.62317355e-01  5.14523809e+09 
 4.30000000e-01  4.29981449e-01  1.20107299e-07  1.20107299e+05  2.50398620e+01  1.65761860e+01 -1.52322404e-01  6.43832368e+09 
 4.40000000e-01  4.39976202e-01  1.54075163e-07  1.54075163e+05  2.48022354e+01  1.65679834e+01 -1.42328827e-01  8.03530592e+09 
 4.50000000e-01  4.49969547e-01  1.97163908e-07  1.97163908e+05  2.45564127e+01  1.65610682e+01 -1.32336975e-01  1.00021489e+10 
 4.60000000e-01  4.59961130e-01  2.51661940e-07  2.51661940e+05  2.43040349e+01  1.65560136e+01 -1.22347280e-01  1.24179478e+10 
 4.70000000e-01  4.69950515e-01  3.20385196e-07  3.20385196e+05  2.40464150e+01  1.65533873e+01 -1.12360275e-01  1.53771375e+10 
 4.80000000e-01  4.79937170e-01  4.06784931e-07  4.06784931e+05  2.37841871e+01  1.65536868e+01 -1.02376612e-01  1.89917094e+10 
 4.90000000e-01  4.89920445e-01  5.15070760e-07  5.15070760e+05  2.35169338e+01  1.65572624e+01 -9.23970876e-02  2.33931122e+10 
 5.00000000e-01  4.99899551e-01  6.50346121e-07  6.50346121e+05  2.32428568e+01  1.65642334e+01 -8.24226667e-02  2.87333225e+10 
 5.10000000e-01  5.09873541e-01  8.18749537e-07  8.18749537e+05  2.29585729e+01  1.65744144e+01 -7.24545100e-02  3.51843865e+10 
 5.20000000e-01  5.19841285e-01  1.02759001e-06  1.02759001e+06  2.26591194e+01  1.65872643e+01 -6.24939993e-02  4.29356045e+10 
 5.30000000e-01  5.29801456e-01  1.28545915e-06  1.28545915e+06  2.23382277e+01  1.66018732e+01 -5.25427592e-02  5.21875462e+10 
 5.40000000e-01  5.39752519e-01  1.60229723e-06  1.60229723e+06  2.19888775e+01  1.66169941e+01 -4.26026692e-02  6.31423203e+10 
 5.50000000e-01  5.49692731e-01  1.98938735e-06  1.98938735e+06  2.16040734e+01  1.66311172e+01 -3.26758627e-02  7.59900348e+10 
 5.60000000e-01  5.59620159e-01  2.45925222e-06  2.45925222e+06  2.11777284e+01  1.66425741e+01 -2.27647072e-02  9.08921241e+10 
 5.70000000e-01  5.69532709e-01  3.02543502e-06  3.02543502e+06  2.07054964e+01  1.66496557e+01 -1.28717635e-02  1.07963087e+11 
 5.80000000e-01  5.79428187e-01  3.70215736e-06  3.70215736e+06  2.01854031e+01  1.66507250e+01 -2.99971997e-03  1.27252921e+11 
 5.90000000e-01  5.89304360e-01  4.50386488e-06  4.50386488e+06  1.96181667e+01  1.66443082e+01  6.84869233e-03  1.48732947e+11 
 6.00000000e-01  5.99159046e-01  5.44468934e-06  5.44468934e+06  1.90071722e+01  1.66291594e+01  1.66708021e-02  1.72287562e+11 
 6.10000000e-01  6.08990200e-01  6.53787231e-06  6.53787231e+06  1.83581330e+01  1.66042945e+01  2.64641067e-02  1.97713699e+11 
 6.20000000e-01  6.18796000e-01  7.79520491e-06  7.79520491e+06  1.76785285e+01  1.65689996e+01  3.62263778e-02  2.24728612e+11 
 6.30000000e-01  6.28574924e-01  9.22653876e-06  9.22653876e+06  1.69769326e+01  1.65228210e+01  4.59557542e-02  2.52985164e+11 
 6.40000000e-01  6.38325809e-01  1.08394137e-05  1.08394137e+07  1.62623369e+01  1.64655428e+01  5.56508120e-02  2.82092662e+11 
 6.50000000e-01  6.48047882e-01  1.26388318e-05  1.26388318e+07  1.55435549e+01  1.63971575e+01  6.53106077e-02  3.11640479e+11 
 6.60000000e-01  6.57740773e-01  1.46271879e-05  1.46271879e+07  1.48287548e+01  1.63178357e+01  7.49346907e-02  3.41221581e+11 
 6.70000000e-01  6.67404502e-01  1.68043468e-05  1.68043468e+07  1.41251387e+01  1.62278959e+01  8.45230891e-02  3.70453419e+11 
 6.80000000e-01  6.77039450e-01  1.91678435e-05  1.91678435e+07  1.34387628e+01  1.61277773e+01  9.40762718e-02  3.98994426e+11 
 6.90000000e-01  6.86646314e-01  2.17131745e-05  2.17131745e+07  1.27744767e+01  1.60180145e+01  1.03595093e-01  4.26555226e+11 
 7.00000000e-01  6.96226049e-01  2.44341439e-05  2.44341439e+07  1.21359526e+01  1.58992155e+01  1.13080728e-01  4.52904502e+11 
 7.10000000e-01  7.05779818e-01  2.73232311e-05  2.73232311e+07  1.15257774e+01  1.57720426e+01  1.22534600e-01  4.77870095e+11 
 7.20000000e-01  7.15308930e-01  3.03719532e-05  3.03719532e+07  1.09455811e+01  1.56371952e+01  1.31958317e-01  5.01336297e+11 
 7.30000000e-01  7.24814794e-01  3.35712015e-05  3.35712015e+07  1.03961813e+01  1.54953947e+01  1.41353603e-01  5.23238439e+11 
 7.40000000e-01  7.34298865e-01  3.69115374e-05  3.69115374e+07  9.87773007e+00  1.53473710e+01  1.50722247e-01  5.43555852e+11 
 7.50000000e-01  7.43762616e-01  4.03834435e-05  4.03834435e+07  9.38985184e+00  1.51938518e+01  1.60066049e-01  5.62304116e+11 
 7.60000000e-01  7.53207495e-01  4.39775251e-05  4.39775251e+07  8.93176824e+00  1.50355518e+01  1.69386788e-01  5.79527300e+11 
 7.70000000e-01  7.62634913e-01  4.76846662e-05  4.76846662e+07  8.50240567e+00  1.48731646e+01  1.78686190e-01  5.95290714e+11 
 7.80000000e-01  7.72046215e-01  5.14961437e-05  5.14961437e+07  8.10048359e+00  1.47073517e+01  1.87965907e-01  6.09674453e+11 
 7.90000000e-01  7.81442676e-01  5.54037045e-05  5.54037045e+07  7.72459515e+00  1.45387483e+01  1.97227500e-01  6.22767906e+11 
 8.00000000e-01  7.90825492e-01  5.93996145e-05  5.93996145e+07  7.37326069e+00  1.43679497e+01  2.06472434e-01  6.34665252e+11 
 8.10000000e-01  8.00195773e-01  6.34766807e-05  6.34766807e+07  7.04497420e+00  1.41955092e+01  2.15702069e-01  6.45461895e+11 
 8.20000000e-01  8.09554545e-01  6.76282553e-05  6.76282553e+07  6.73823897e+00  1.40219372e+01  2.24917664e-01  6.55251763e+11 
 8.30000000e-01  8.18902754e-01  7.18482253e-05  7.18482253e+07  6.45159321e+00  1.38477006e+01  2.34120376e-01  6.64125333e+11 
 8.40000000e-01  8.28241264e-01  7.61309919e-05  7.61309919e+07  6.18362823e+00  1.36732228e+01  2.43311265e-01  6.72168289e+11 
 8.50000000e-01  8.37570864e-01  8.04714433e-05  8.04714433e+07  5.93300072e+00  1.34988842e+01  2.52491297e-01  6.79460662e+11 
 8.60000000e-01  8.46892273e-01  8.48649229e-05  8.48649229e+07  5.69844028e+00  1.33250239e+01  2.61661354e-01  6.86076378e+11 
 8.70000000e-01  8.56206146e-01  8.93071952e-05  8.93071952e+07  5.47875355e+00  1.31519416e+01  2.70822238e-01  6.92083093e+11 
 8.80000000e-01  8.65513078e-01  9.37944117e-05  9.37944117e+07  5.27282545e+00  1.29798995e+01  2.79974677e-01  6.97542259e+11 
 8.90000000e-01  8.74813608e-01  9.83230760e-05  9.83230760e+07  5.07961863e+00  1.28091254e+01  2.89119332e-01  7.02509331e+11 
 9.00000000e-01  8.84108226e-01  1.02890012e-04  1.02890012e+08  4.89817141e+00  1.26398144e+01  2.98256805e-01  7.07034093e+11 
 9.10000000e-01  8.93397380e-01  1.07492331e-04  1.07492331e+08  4.72759473e+00  1.24721327e+01  3.07387642e-01  7.11161043e+11 
 9.20000000e-01  9.02681474e-01  1.12127405e-04  1.12127405e+08  4.56706852e+00  1.23062194e+01  3.16512340e-01  7.14929807e+11 
 9.30000000e-01  9.11960879e-01  1.16792838e-04  1.16792838e+08  4.41583769e+00  1.21421896e+01  3.25631353e-01  7.18375573e+11 
 9.40000000e-01  9.21235933e-01  1.21486443e-04  1.21486443e+08  4.27320789e+00  1.19801367e+01  3.34745094e-01  7.21529516e+11 
 9.50000000e-01  9.30506945e-01  1.26206218e-04  1.26206218e+08  4.13854130e+00  1.18201351e+01  3.43853943e-01  7.24419204e+11 
 9.60000000e-01  9.39774198e-01  1.30950329e-04  1.30950329e+08  4.01125240e+00  1.16622422e+01  3.52958246e-01  7.27068992e+11 
 9.70000000e-01  9.49037953e-01  1.35717088e-04  1.35717088e+08  3.89080399e+00  1.15065003e+01  3.62058322e-01  7.29500373e+11 
 9.80000000e-01  9.58298450e-01  1.40504940e-04  1.40504940e+08  3.77670327e+00  1.13529392e+01  3.71154466e-01  7.31732315e+11 
 9.90000000e-01  9.67555911e-01  1.45312451e-04  1.45312451e+08  3.66849822e+00  1.12015772e+01  3.80246949e-01  7.33781554e+11 
 1.00000000e+00  9.76810541e-01  1.50138288e-04  1.50138288e+08  3.56577419e+00  1.10524229e+01  3.89336023e-01  7.35662872e+11 
 1.01000000e+00  9.86062531e-01  1.54981215e-04  1.54981215e+08  3.46815067e+00  1.09054767e+01  3.98421922e-01  7.37389329e+11 
 1.02000000e+00  9.95312060e-01  1.59840081e-04  1.59840081e+08  3.37527841e+00  1.07607323e+01  4.07504864e-01  7.38972486e+11 
 1.03000000e+00  1.00455929e+00  1.64713810e-04  1.64713810e+08  3.28683666e+00  1.06181770e+01  4.16585051e-01  7.40422590e+11 
 1.04000000e+00  1.01380439e+00  1.69601393e-04  1.69601393e+08  3.20253069e+00  1.04777935e+01  4.25662675e-01  7.41748745e+11 
 1.05000000e+00  1.02304749e+00  1.74501886e-04  1.74501886e+08  3.12208948e+00  1.03395604e+01  4.34737915e-01  7.42959056e+11 
 1.06000000e+00  1.03228873e+00  1.79414398e-04  1.79414398e+08  3.04526366e+00  1.02034528e+01  4.43810938e-01  7.44060760e+11 
 1.07000000e+00  1.04152824e+00  1.84338090e-04  1.84338090e+08  2.97182361e+00  1.00694432e+01  4.52881904e-01  7.45060335e+11 
 1.08000000e+00  1.05076616e+00  1.89272168e-04  1.89272168e+08  2.90155765e+00  9.93750185e+00  4.61950962e-01  7.45963601e+11 
 1.09000000e+00  1.06000258e+00  1.94215879e-04  1.94215879e+08  2.83427057e+00  9.80759751e+00  4.71018254e-01  7.46775805e+11 
 1.10000000e+00  1.06923763e+00  1.99168512e-04  1.99168512e+08  2.76978209e+00  9.67969751e+00  4.80083916e-01  7.47501690e+11 
 1.11000000e+00  1.07847140e+00  2.04129387e-04  2.04129387e+08  2.70792561e+00  9.55376828e+00  4.89148075e-01  7.48145563e+11 
 1.12000000e+00  1.08770400e+00  2.09097860e-04  2.09097860e+08  2.64854704e+00  9.42977563e+00  4.98210852e-01  7.48711348e+11 
 1.13000000e+00  1.09693552e+00  2.14073314e-04  2.14073314e+08  2.59150364e+00  9.30768493e+00  5.07272366e-01  7.49202632e+11 
 1.14000000e+00  1.10616605e+00  2.19055162e-04  2.19055162e+08  2.53666316e+00  9.18746141e+00  5.16332726e-01  7.49622708e+11 
 1.15000000e+00  1.11539569e+00  2.24042843e-04  2.24042843e+08  2.48390284e+00  9.06907024e+00  5.25392038e-01  7.49974610e+11 
 1.16000000e+00  1.12462450e+00  2.29035817e-04  2.29035817e+08  2.43310868e+00  8.95247672e+00  5.34450404e-01  7.50261141e+11 
 1.17000000e+00  1.13385258e+00  2.34033570e-04  2.34033570e+08  2.38417470e+00  8.83764638e+00  5.43507922e-01  7.50484899e+11 
 1.18000000e+00  1.14307999e+00  2.39035608e-04  2.39035608e+08  2.33700224e+00  8.72454509e+00  5.52564684e-01  7.50648302e+11 
 1.19000000e+00  1.15230682e+00  2.44041457e-04  2.44041457e+08  2.29149937e+00  8.61313910e+00  5.61620780e-01  7.50753605e+11 
 1.20000000e+00  1.16153313e+00  2.49050660e-04  2.49050660e+08  2.24758039e+00  8.50339514e+00  5.70676295e-01  7.50802916e+11 
 1.21000000e+00  1.17075899e+00  2.54062780e-04  2.54062780e+08  2.20516526e+00  8.39528046e+00  5.79731313e-01  7.50798211e+11 
 1.22000000e+00  1.17998446e+00  2.59077396e-04  2.59077396e+08  2.16417920e+00  8.28876282e+00  5.88785913e-01  7.50741344e+11 
 1.23000000e+00  1.18920961e+00  2.64094101e-04  2.64094101e+08  2.12455224e+00  8.18381060e+00  5.97840171e-01  7.50634061e+11 
 1.24000000e+00  1.19843450e+00  2.69112505e-04  2.69112505e+08  2.08621887e+00  8.08039272e+00  6.06894161e-01  7.50478007e+11 
 1.25000000e+00  1.20765918e+00  2.74132233e-04  2.74132233e+08  2.04911769e+00  7.97847875e+00  6.15947954e-01  7.50274730e+11 
 1.26000000e+00  1.21688371e+00  2.79152920e-04  2.79152920e+08  2.01319110e+00  7.87803886e+00  6.25001618e-01  7.50025695e+11 
 1.27000000e+00  1.22610816e+00  2.84174217e-04  2.84174217e+08  1.97838499e+00  7.77904381e+00  6.34055219e-01  7.49732282e+11 
 1.28000000e+00  1.23533255e+00  2.89195785e-04  2.89195785e+08  1.94464853e+00  7.68146501e+00  6.43108821e-01  7.49395796e+11 
 1.29000000e+00  1.24455696e+00  2.94217300e-04  2.94217300e+08  1.91193387e+00  7.58527448e+00  6.52162484e-01  7.49017468e+11 
 1.30000000e+00  1.25378143e+00  2.99238445e-04  2.99238445e+08  1.88019597e+00  7.49044482e+00  6.61216269e-01  7.48598461e+11 
 1.31000000e+00  1.26300599e+00  3.04258917e-04  3.04258917e+08  1.84939239e+00  7.39694926e+00  6.70270232e-01  7.48139870e+11 
 1.32000000e+00  1.27223071e+00  3.09278421e-04  3.09278421e+08  1.81948307e+00  7.30476161e+00  6.79324429e-01  7.47642729e+11 
 1.33000000e+00  1.28145562e+00  3.14296672e-04  3.14296672e+08  1.79043022e+00  7.21385627e+00  6.88378914e-01  7.47108008e+11 
 1.34000000e+00  1.29068077e+00  3.19313396e-04  3.19313396e+08  1.76219812e+00  7.12420822e+00  6.97433737e-01  7.46536618e+11 
 1.35000000e+00  1.29990619e+00  3.24328326e-04  3.24328326e+08  1.73475301e+00  7.03579298e+00  7.06488949e-01  7.45929411e+11 
 1.36000000e+00  1.30913193e+00  3.29341203e-04  3.29341203e+08  1.70806291e+00  6.94858665e+00  7.15544599e-01  7.45287185e+11 
 1.37000000e+00  1.31835803e+00  3.34351779e-04  3.34351779e+08  1.68209757e+00  6.86256585e+00  7.24600733e-01  7.44610678e+11 
 1.38000000e+00  1.32758452e+00  3.39359811e-04  3.39359811e+08  1.65682830e+00  6.77770775e+00  7.33657397e-01  7.43900577e+11 
 1.39000000e+00  1.33681144e+00  3.44365065e-04  3.44365065e+08  1.63222790e+00  6.69399001e+00  7.42714635e-01  7.43157513e+11 
 1.40000000e+00  1.34603882e+00  3.49367313e-04  3.49367313e+08  1.60827055e+00  6.61139083e+00  7.51772489e-01  7.42382063e+11 
 1.41000000e+00  1.35526670e+00  3.54366334e-04  3.54366334e+08  1.58493172e+00  6.52988889e+00  7.60831001e-01  7.41574752e+11 
 1.42000000e+00  1.36449511e+00  3.59361914e-04  3.59361914e+08  1.56218811e+00  6.44946335e+00  7.69890211e-01  7.40736049e+11 
 1.43000000e+00  1.37372409e+00  3.64353845e-04  3.64353845e+08  1.54001755e+00  6.37009384e+00  7.78950158e-01  7.39866375e+11 
 1.44000000e+00  1.38295366e+00  3.69341926e-04  3.69341926e+08  1.51839896e+00  6.29176048e+00  7.88010880e-01  7.38966093e+11 
 1.45000000e+00  1.39218386e+00  3.74325960e-04  3.74325960e+08  1.49731223e+00  6.21444381e+00  7.97072413e-01  7.38035518e+11 
 1.46000000e+00  1.40141471e+00  3.79305755e-04  3.79305755e+08  1.47673824e+00  6.13812483e+00  8.06134793e-01  7.37074907e+11 
 1.47000000e+00  1.41064624e+00  3.84281127e-04  3.84281127e+08  1.45665874e+00  6.06278496e+00  8.15198055e-01  7.36084468e+11 
 1.48000000e+00  1.41987849e+00  3.89251895e-04  3.89251895e+08  1.43705633e+00  5.98840606e+00  8.24262233e-01  7.35064353e+11 
 1.49000000e+00  1.42911147e+00  3.94217882e-04  3.94217882e+08  1.41791439e+00  5.91497038e+00  8.33327360e-01  7.34014661e+11 
 1.50000000e+00  1.43834522e+00  3.99178918e-04  3.99178918e+08  1.39921705e+00  5.84246058e+00  8.42393468e-01  7.32935439e+11 
 1.51000000e+00  1.44757976e+00  4.04134835e-04  4.04134835e+08  1.38094916e+00  5.77085974e+00  8.51460587e-01  7.31826676e+11 
 1.52000000e+00  1.45681511e+00  4.09085470e-04  4.09085470e+08  1.36309621e+00  5.70015127e+00  8.60528749e-01  7.30688309e+11 
 1.53000000e+00  1.46605131e+00  4.14030664e-04  4.14030664e+08  1.34564436e+00  5.63031901e+00  8.69597982e-01  7.29520221e+11 
 1.54000000e+00  1.47528837e+00  4.18970262e-04  4.18970262e+08  1.32858032e+00  5.56134713e+00  8.78668317e-01  7.28322239e+11 
 1.55000000e+00  1.48452631e+00  4.23904112e-04  4.23904112e+08  1.31189140e+00  5.49322017e+00  8.87739781e-01  7.27094135e+11 
 1.56000000e+00  1.49376517e+00  4.28832066e-04  4.28832066e+08  1.29556542e+00  5.42592303e+00  8.96812401e-01  7.25835628e+11 
 1.57000000e+00  1.50300496e+00  4.33753979e-04  4.33753979e+08  1.27959072e+00  5.35944093e+00  9.05886206e-01  7.24546382e+11 
 1.58000000e+00  1.51224571e+00  4.38669710e-04  4.38669710e+08  1.26395612e+00  5.29375946e+00  9.14961221e-01  7.23226008e+11 
 1.59000000e+00  1.52148743e+00  4.43579118e-04  4.43579118e+08  1.24865088e+00  5.22886449e+00  9.24037473e-01  7.21874066e+11 
 1.60000000e+00  1.53073015e+00  4.48482068e-04  4.48482068e+08  1.23366472e+00  5.16474225e+00  9.33114986e-01  7.20490063e+11 
 1.61000000e+00  1.53997389e+00  4.53378426e-04  4.53378426e+08  1.21898775e+00  5.10137926e+00  9.42193785e-01  7.19073458e+11 
 1.62000000e+00  1.54921866e+00  4.58268061e-04  4.58268061e+08  1.20461048e+00  5.03876235e+00  9.51273896e-01  7.17623664e+11 
 1.63000000e+00  1.55846450e+00  4.63150845e-04  4.63150845e+08  1.19052377e+00  4.97687866e+00  9.60355341e-01  7.16140050e+11 
 1.64000000e+00  1.56771141e+00  4.68026650e-04  4.68026650e+08  1.17671885e+00  4.91571559e+00  9.69438144e-01  7.14621944e+11 
 1.65000000e+00  1.57695942e+00  4.72895353e-04  4.72895353e+08  1.16318731e+00  4.85526087e+00  9.78522329e-01  7.13068639e+11 
 1.66000000e+00  1.58620855e+00  4.77756831e-04  4.77756831e+08  1.14992100e+00  4.79550246e+00  9.87607919e-01  7.11479398e+11 
 1.67000000e+00  1.59545881e+00  4.82610964e-04  4.82610964e+08  1.13691214e+00  4.73642864e+00  9.96694934e-01  7.09853458e+11 
 1.68000000e+00  1.60471022e+00  4.87457633e-04  4.87457633e+08  1.12415319e+00  4.67802791e+00  1.00578340e+00  7.08190040e+11 
 1.69000000e+00  1.61396280e+00  4.92296721e-04  4.92296721e+08  1.11163691e+00  4.62028906e+00  1.01487333e+00  7.06488353e+11 
 1.70000000e+00  1.62321657e+00  4.97128113e-04  4.97128113e+08  1.09935633e+00  4.56320112e+00  1.02396476e+00  7.04747608e+11 
 1.71000000e+00  1.63247155e+00  5.01951693e-04  5.01951693e+08  1.08730471e+00  4.50675337e+00  1.03305770e+00  7.02967024e+11 
 1.72000000e+00  1.64172776e+00  5.06767351e-04  5.06767351e+08  1.07547557e+00  4.45093535e+00  1.04215217e+00  7.01145841e+11 
 1.73000000e+00  1.65098520e+00  5.11574973e-04  5.11574973e+08  1.06386266e+00  4.39573681e+00  1.05124820e+00  6.99283332e+11 
 1.74000000e+00  1.66024390e+00  5.16374450e-04  5.16374450e+08  1.05245993e+00  4.34114774e+00  1.06034580e+00  6.97378815e+11 
 1.75000000e+00  1.66950388e+00  5.21165673e-04  5.21165673e+08  1.04126156e+00  4.28715837e+00  1.06944500e+00  6.95431668e+11 
 1.76000000e+00  1.67876515e+00  5.25948534e-04  5.25948534e+08  1.03026192e+00  4.23375913e+00  1.07854581e+00  6.93441343e+11 
 1.77000000e+00  1.68802772e+00  5.30722924e-04  5.30722924e+08  1.01945559e+00  4.18094069e+00  1.08764826e+00  6.91407383e+11 
 1.78000000e+00  1.69729162e+00  5.35488737e-04  5.35488737e+08  1.00883730e+00  4.12869390e+00  1.09675236e+00  6.89329435e+11 
 1.79000000e+00  1.70655686e+00  5.40245868e-04  5.40245868e+08  9.98401980e-01  4.07700985e+00  1.10585814e+00  6.87207266e+11 
 1.80000000e+00  1.71582346e+00  5.44994211e-04  5.44994211e+08  9.88144731e-01  4.02587981e+00  1.11496561e+00  6.85040778e+11 
