 v-sweep         vsg             id_abs          id_w            gm_id           gm_gds          vov             gm_cgg         
 1.80000000e+00  1.01614345e-06  1.89402321e-09  1.89402321e+03  2.53099401e+01  2.85797604e+01 -2.82554098e-01  6.42002685e+07 
 1.79000000e+00 -9.99869290e-03  2.43634636e-09  2.43634636e+03  2.50471503e+01  2.82902863e+01 -2.92553878e-01  8.18938134e+07 
 1.78000000e+00 -1.99983233e-02  3.12533408e-09  3.12533408e+03  2.47593723e+01  2.79743596e+01 -3.02553600e-01  1.04030707e+08 
 1.77000000e+00 -2.99978555e-02  3.99712040e-09  3.99712040e+03  2.44459456e+01  2.76316043e+01 -3.12553247e-01  1.31558171e+08 
 1.76000000e+00 -3.99972663e-02  5.09540791e-09  5.09540791e+03  2.41065983e+01  2.72621382e+01 -3.22552803e-01  1.65565676e+08 
 1.75000000e+00 -4.99965274e-02  6.47260289e-09  6.47260289e+03  2.37415200e+01  2.68666579e+01 -3.32552246e-01  2.07287611e+08 
 1.74000000e+00 -5.99956055e-02  8.19099146e-09  8.19099146e+03  2.33514240e+01  2.64465075e+01 -3.42551551e-01  2.58100501e+08 
 1.73000000e+00 -6.99944612e-02  1.03239284e-08  1.03239284e+04  2.29375916e+01  2.60037258e+01 -3.52550688e-01  3.19514053e+08 
 1.72000000e+00 -7.99930486e-02  1.29570094e-08  1.29570094e+04  2.25018896e+01  2.55410617e+01 -3.62549623e-01  3.93155901e+08 
 1.71000000e+00 -8.99913145e-02  1.61892016e-08  1.61892016e+04  2.20467569e+01  2.50619511e+01 -3.72548315e-01  4.80750523e+08 
 1.70000000e+00 -9.99891982e-02  2.01339159e-08  2.01339159e+04  2.15751545e+01  2.45704513e+01 -3.82546719e-01  5.84093495e+08 
 1.69000000e+00 -1.09986630e-01  2.49200159e-08  2.49200159e+04  2.10904777e+01  2.40711323e+01 -3.92544783e-01  7.05022712e+08 
 1.68000000e+00 -1.19983533e-01  3.06927739e-08  3.06927739e+04  2.05964350e+01  2.35689285e+01 -4.02542448e-01  8.45388330e+08 
 1.67000000e+00 -1.29979820e-01  3.76147968e-08  3.76147968e+04  2.00968984e+01  2.30689594e+01 -4.12539648e-01  1.00702288e+09 
 1.66000000e+00 -1.39975392e-01  4.58669512e-08  4.58669512e+04  1.95957372e+01  2.25763310e+01 -4.22536310e-01  1.19171218e+09 
 1.65000000e+00 -1.49970144e-01  5.56493218e-08  5.56493218e+04  1.90966485e+01  2.20959341e+01 -4.32532352e-01  1.40116650e+09 
 1.64000000e+00 -1.59963957e-01  6.71822199e-08  6.71822199e+04  1.86029964e+01  2.16322515e+01 -4.42527687e-01  1.63699024e+09 
 1.63000000e+00 -1.69956701e-01  8.07072432e-08  8.07072432e+04  1.81176751e+01  2.11891912e+01 -4.52522216e-01  1.90064730e+09 
 1.62000000e+00 -1.79948234e-01  9.64883533e-08  9.64883533e+04  1.76430054e+01  2.07699528e+01 -4.62515832e-01  2.19341878e+09 
 1.61000000e+00 -1.89938403e-01  1.14812903e-07  1.14812903e+05  1.71806710e+01  2.03769376e+01 -4.72508419e-01  2.51635026e+09 
 1.60000000e+00 -1.99927040e-01  1.35992507e-07  1.35992507e+05  1.67316988e+01  2.00117012e+01 -4.82499851e-01  2.87018686e+09 
 1.59000000e+00 -2.09913965e-01  1.60363609e-07  1.60363609e+05  1.62964819e+01  1.96749508e+01 -4.92489992e-01  3.25529684e+09 
 1.58000000e+00 -2.19898984e-01  1.88287600e-07  1.88287600e+05  1.58748398e+01  1.93665813e+01 -5.02478696e-01  3.67158702e+09 
 1.57000000e+00 -2.29881889e-01  2.20150307e-07  2.20150307e+05  1.54661100e+01  1.90857452e+01 -5.12465807e-01  4.11841674e+09 
 1.56000000e+00 -2.39862462e-01  2.56360697e-07  2.56360697e+05  1.50692615e+01  1.88309490e+01 -5.22451158e-01  4.59451969e+09 
 1.55000000e+00 -2.49840472e-01  2.97348697e-07  2.97348697e+05  1.46830208e+01  1.86001695e+01 -5.32434577e-01  5.09794516e+09 
 1.54000000e+00 -2.59815679e-01  3.43562050e-07  3.43562050e+05  1.43060003e+01  1.83909829e+01 -5.42415882e-01  5.62603076e+09 
 1.53000000e+00 -2.69787835e-01  3.95462226e-07  3.95462226e+05  1.39368199e+01  1.82006990e+01 -5.52394886e-01  6.17541758e+09 
 1.52000000e+00 -2.79756687e-01  4.53519489e-07  4.53519489e+05  1.35742139e+01  1.80264955e+01 -5.62371400e-01  6.74211505e+09 
 1.51000000e+00 -2.89721982e-01  5.18207294e-07  5.18207294e+05  1.32171158e+01  1.78655443e+01 -5.72345230e-01  7.32161801e+09 
 1.50000000e+00 -2.99683467e-01  5.89996277e-07  5.89996277e+05  1.28647183e+01  1.77151252e+01 -5.82316188e-01  7.90907179e+09 
 1.49000000e+00 -3.09640895e-01  6.69348140e-07  6.69348140e+05  1.25165049e+01  1.75727214e+01 -5.92284086e-01  8.49947447e+09 
 1.48000000e+00 -3.19594025e-01  7.56709762e-07  7.56709762e+05  1.21722552e+01  1.74360941e+01 -6.02248743e-01  9.08790006e+09 
 1.47000000e+00 -3.29542630e-01  8.52507857e-07  8.52507857e+05  1.18320266e+01  1.73033324e+01 -6.12209987e-01  9.66972283e+09 
 1.46000000e+00 -3.39486492e-01  9.57144459e-07  9.57144459e+05  1.14961173e+01  1.71728803e+01 -6.22167655e-01  1.02408225e+10 
 1.45000000e+00 -3.49425412e-01  1.07099343e-06  1.07099343e+06  1.11650160e+01  1.70435405e+01 -6.32121595e-01  1.07977525e+10 
 1.44000000e+00 -3.59359205e-01  1.19439809e-06  1.19439809e+06  1.08393460e+01  1.69144589e+01 -6.42071668e-01  1.13378579e+10 
 1.43000000e+00 -3.69287705e-01  1.32767008e-06  1.32767008e+06  1.05198078e+01  1.67850944e+01 -6.52017749e-01  1.18593376e+10 
 1.42000000e+00 -3.79210761e-01  1.47108923e-06  1.47108923e+06  1.02071255e+01  1.66551771e+01 -6.61959723e-01  1.23612491e+10 
 1.41000000e+00 -3.89128239e-01  1.62490453e-06  1.62490453e+06  9.90200116e+00  1.65246613e+01 -6.71897491e-01  1.28434641e+10 
 1.40000000e+00 -3.99040021e-01  1.78933583e-06  1.78933583e+06  9.60507807e+00  1.63936759e+01 -6.81830961e-01  1.33065821e+10 
 1.39000000e+00 -4.08946005e-01  1.96457617e-06  1.96457617e+06  9.31691396e+00  1.62624769e+01 -6.91760057e-01  1.37518180e+10 
 1.38000000e+00 -4.18846099e-01  2.15079456e-06  2.15079456e+06  9.03796404e+00  1.61314039e+01 -7.01684710e-01  1.41808729e+10 
 1.37000000e+00 -4.28740223e-01  2.34813895e-06  2.34813895e+06  8.76857265e+00  1.60008419e+01 -7.11604859e-01  1.45958020e+10 
 1.36000000e+00 -4.38628309e-01  2.55673930e-06  2.55673930e+06  8.50897203e+00  1.58711903e+01 -7.21520452e-01  1.49988886e+10 
 1.35000000e+00 -4.48510295e-01  2.77671049e-06  2.77671049e+06  8.25928663e+00  1.57428378e+01 -7.31431442e-01  1.53925296e+10 
 1.34000000e+00 -4.58386125e-01  3.00815517e-06  3.00815517e+06  8.01954140e+00  1.56161445e+01 -7.41337786e-01  1.57791392e+10 
 1.33000000e+00 -4.68255749e-01  3.25116629e-06  3.25116629e+06  7.78967259e+00  1.54914287e+01 -7.51239448e-01  1.61610696e+10 
 1.32000000e+00 -4.78119123e-01  3.50582932e-06  3.50582932e+06  7.56953989e+00  1.53689592e+01 -7.61136392e-01  1.65405517e+10 
 1.31000000e+00 -4.87976202e-01  3.77222425e-06  3.77222425e+06  7.35893892e+00  1.52489511e+01 -7.71028584e-01  1.69196523e+10 
 1.30000000e+00 -4.97826946e-01  4.05042720e-06  4.05042720e+06  7.15761347e+00  1.51315652e+01 -7.80915995e-01  1.73002464e+10 
 1.29000000e+00 -5.07671315e-01  4.34051174e-06  4.34051174e+06  6.96526696e+00  1.50169091e+01 -7.90798594e-01  1.76840030e+10 
 1.28000000e+00 -5.17509272e-01  4.64254995e-06  4.64254995e+06  6.78157276e+00  1.49050405e+01 -8.00676350e-01  1.80723801e+10 
 1.27000000e+00 -5.27340777e-01  4.95661325e-06  4.95661325e+06  6.60618339e+00  1.47959707e+01 -8.10549236e-01  1.84666284e+10 
 1.26000000e+00 -5.37165792e-01  5.28277295e-06  5.28277295e+06  6.43873839e+00  1.46896697e+01 -8.20417220e-01  1.88677997e+10 
 1.25000000e+00 -5.46984280e-01  5.62110063e-06  5.62110063e+06  6.27887094e+00  1.45860710e+01 -8.30280275e-01  1.92767593e+10 
 1.24000000e+00 -5.56796200e-01  5.97166840e-06  5.97166840e+06  6.12621335e+00  1.44850764e+01 -8.40138370e-01  1.96942016e+10 
 1.23000000e+00 -5.66601514e-01  6.33454894e-06  6.33454894e+06  5.98040150e+00  1.43865608e+01 -8.49991475e-01  2.01206648e+10 
 1.22000000e+00 -5.76400184e-01  6.70981552e-06  6.70981552e+06  5.84107831e+00  1.42903766e+01 -8.59839559e-01  2.05565484e+10 
 1.21000000e+00 -5.86192169e-01  7.09754184e-06  7.09754184e+06  5.70789642e+00  1.41963579e+01 -8.69682593e-01  2.10021278e+10 
 1.20000000e+00 -5.95977429e-01  7.49780187e-06  7.49780187e+06  5.58052018e+00  1.41043242e+01 -8.79520546e-01  2.14575702e+10 
 1.19000000e+00 -6.05755926e-01  7.91066958e-06  7.91066958e+06  5.45862706e+00  1.40140836e+01 -8.89353387e-01  2.19229482e+10 
 1.18000000e+00 -6.15527619e-01  8.33621868e-06  8.33621868e+06  5.34190857e+00  1.39254358e+01 -8.99181086e-01  2.23982522e+10 
 1.17000000e+00 -6.25292469e-01  8.77452229e-06  8.77452229e+06  5.23007079e+00  1.38381743e+01 -9.09003611e-01  2.28834025e+10 
 1.16000000e+00 -6.35050437e-01  9.22565261e-06  9.22565261e+06  5.12283460e+00  1.37520893e+01 -9.18820934e-01  2.33782590e+10 
 1.15000000e+00 -6.44801486e-01  9.68968057e-06  9.68968057e+06  5.01993566e+00  1.36669688e+01 -9.28633025e-01  2.38826303e+10 
 1.14000000e+00 -6.54545579e-01  1.01666755e-05  1.01666755e+07  4.92112417e+00  1.35826007e+01 -9.38439855e-01  2.43962816e+10 
 1.13000000e+00 -6.64282678e-01  1.06567046e-05  1.06567046e+07  4.82616457e+00  1.34987740e+01 -9.48241396e-01  2.49189415e+10 
 1.12000000e+00 -6.74012750e-01  1.11598329e-05  1.11598329e+07  4.73483500e+00  1.34152801e+01 -9.58037620e-01  2.54503077e+10 
 1.11000000e+00 -6.83735760e-01  1.16761227e-05  1.16761227e+07  4.64692682e+00  1.33319135e+01 -9.67828502e-01  2.59900520e+10 
 1.10000000e+00 -6.93451678e-01  1.22056333e-05  1.22056333e+07  4.56224400e+00  1.32484729e+01 -9.77614016e-01  2.65378246e+10 
 1.09000000e+00 -7.03160472e-01  1.27484203e-05  1.27484203e+07  4.48060250e+00  1.31647617e+01 -9.87394140e-01  2.70932578e+10 
 1.08000000e+00 -7.12862116e-01  1.33045361e-05  1.33045361e+07  4.40182967e+00  1.30805890e+01 -9.97168850e-01  2.76559685e+10 
 1.07000000e+00 -7.22556584e-01  1.38740286e-05  1.38740286e+07  4.32576357e+00  1.29957697e+01 -1.00693813e+00  2.82255612e+10 
 1.06000000e+00 -7.32243851e-01  1.44569417e-05  1.44569417e+07  4.25225239e+00  1.29101250e+01 -1.01670195e+00  2.88016299e+10 
 1.05000000e+00 -7.41923897e-01  1.50533145e-05  1.50533145e+07  4.18115382e+00  1.28234834e+01 -1.02646031e+00  2.93837596e+10 
 1.04000000e+00 -7.51596703e-01  1.56631812e-05  1.56631812e+07  4.11233449e+00  1.27356801e+01 -1.03621318e+00  2.99715278e+10 
 1.03000000e+00 -7.61262255e-01  1.62865707e-05  1.62865707e+07  4.04566938e+00  1.26465584e+01 -1.04596055e+00  3.05645059e+10 
 1.02000000e+00 -7.70920539e-01  1.69235067e-05  1.69235067e+07  3.98104128e+00  1.25559692e+01 -1.05570242e+00  3.11622595e+10 
 1.01000000e+00 -7.80571545e-01  1.75740070e-05  1.75740070e+07  3.91834033e+00  1.24637718e+01 -1.06543877e+00  3.17643496e+10 
 1.00000000e+00 -7.90215268e-01  1.82380834e-05  1.82380834e+07  3.85746347e+00  1.23698341e+01 -1.07516960e+00  3.23703331e+10 
 9.90000000e-01 -7.99851705e-01  1.89157416e-05  1.89157416e+07  3.79831405e+00  1.22740328e+01 -1.08489491e+00  3.29797631e+10 
 9.80000000e-01 -8.09480855e-01  1.96069807e-05  1.96069807e+07  3.74080137e+00  1.21762537e+01 -1.09461468e+00  3.35921894e+10 
 9.70000000e-01 -8.19102723e-01  2.03117933e-05  2.03117933e+07  3.68484029e+00  1.20763924e+01 -1.10432894e+00  3.42071584e+10 
 9.60000000e-01 -8.28717316e-01  2.10301652e-05  2.10301652e+07  3.63035085e+00  1.19743537e+01 -1.11403767e+00  3.48242141e+10 
 9.50000000e-01 -8.38324647e-01  2.17620750e-05  2.17620750e+07  3.57725797e+00  1.18700531e+01 -1.12374089e+00  3.54428974e+10 
 9.40000000e-01 -8.47924729e-01  2.25074941e-05  2.25074941e+07  3.52549104e+00  1.17634158e+01 -1.13343861e+00  3.60627467e+10 
 9.30000000e-01 -8.57517584e-01  2.32663865e-05  2.32663865e+07  3.47498371e+00  1.16543779e+01 -1.14313084e+00  3.66832981e+10 
 9.20000000e-01 -8.67103233e-01  2.40387087e-05  2.40387087e+07  3.42567355e+00  1.15428863e+01 -1.15281759e+00  3.73040852e+10 
 9.10000000e-01 -8.76681704e-01  2.48244094e-05  2.48244094e+07  3.37750182e+00  1.14288989e+01 -1.16249890e+00  3.79246395e+10 
 9.00000000e-01 -8.86253030e-01  2.56234293e-05  2.56234293e+07  3.33041322e+00  1.13123847e+01 -1.17217477e+00  3.85444902e+10 
 8.90000000e-01 -8.95817246e-01  2.64357011e-05  2.64357011e+07  3.28435566e+00  1.11933243e+01 -1.18184524e+00  3.91631647e+10 
 8.80000000e-01 -9.05374393e-01  2.72611496e-05  2.72611496e+07  3.23928006e+00  1.10717098e+01 -1.19151033e+00  3.97801885e+10 
 8.70000000e-01 -9.14924516e-01  2.80996909e-05  2.80996909e+07  3.19514015e+00  1.09475448e+01 -1.20117008e+00  4.03950852e+10 
 8.60000000e-01 -9.24467663e-01  2.89512331e-05  2.89512331e+07  3.15189232e+00  1.08208448e+01 -1.21082452e+00  4.10073771e+10 
 8.50000000e-01 -9.34003890e-01  2.98156754e-05  2.98156754e+07  3.10949541e+00  1.06916367e+01 -1.22047370e+00  4.16165850e+10 
 8.40000000e-01 -9.43533254e-01  3.06929089e-05  3.06929089e+07  3.06791057e+00  1.05599594e+01 -1.23011765e+00  4.22222286e+10 
 8.30000000e-01 -9.53055819e-01  3.15828156e-05  3.15828156e+07  3.02710115e+00  1.04258631e+01 -1.23975642e+00  4.28238268e+10 
 8.20000000e-01 -9.62571653e-01  3.24852690e-05  3.24852690e+07  2.98703252e+00  1.02894095e+01 -1.24939006e+00  4.34208978e+10 
 8.10000000e-01 -9.72080828e-01  3.34001338e-05  3.34001338e+07  2.94767197e+00  1.01506712e+01 -1.25901863e+00  4.40129593e+10 
 8.00000000e-01 -9.81583422e-01  3.43272658e-05  3.43272658e+07  2.90898861e+00  1.00097321e+01 -1.26864218e+00  4.45995294e+10 
 7.90000000e-01 -9.91079516e-01  3.52665121e-05  3.52665121e+07  2.87095324e+00  9.86668625e+00 -1.27826077e+00  4.51801260e+10 
 7.80000000e-01 -1.00056920e+00  3.62177106e-05  3.62177106e+07  2.83353825e+00  9.72163789e+00 -1.28787447e+00  4.57542682e+10 
 7.70000000e-01 -1.01005256e+00  3.71806907e-05  3.71806907e+07  2.79671753e+00  9.57470086e+00 -1.29748334e+00  4.63214759e+10 
 7.60000000e-01 -1.01952970e+00  3.81552725e-05  3.81552725e+07  2.76046642e+00  9.42599806e+00 -1.30708746e+00  4.68812705e+10 
 7.50000000e-01 -1.02900071e+00  3.91412677e-05  3.91412677e+07  2.72476157e+00  9.27566080e+00 -1.31668691e+00  4.74331754e+10 
 7.40000000e-01 -1.03846571e+00  4.01384786e-05  4.01384786e+07  2.68958091e+00  9.12382815e+00 -1.32628175e+00  4.79767164e+10 
 7.30000000e-01 -1.04792480e+00  4.11466992e-05  4.11466992e+07  2.65490357e+00  8.97064624e+00 -1.33587207e+00  4.85114222e+10 
 7.20000000e-01 -1.05737809e+00  4.21657145e-05  4.21657145e+07  2.62070980e+00  8.81626746e+00 -1.34545797e+00  4.90368247e+10 
 7.10000000e-01 -1.06682572e+00  4.31953008e-05  4.31953008e+07  2.58698092e+00  8.66084969e+00 -1.35503952e+00  4.95524598e+10 
 7.00000000e-01 -1.07626780e+00  4.42352257e-05  4.42352257e+07  2.55369927e+00  8.50455538e+00 -1.36461682e+00  5.00578679e+10 
 6.90000000e-01 -1.08570446e+00  4.52852487e-05  4.52852487e+07  2.52084814e+00  8.34755076e+00 -1.37418998e+00  5.05525940e+10 
 6.80000000e-01 -1.09513584e+00  4.63451205e-05  4.63451205e+07  2.48841174e+00  8.19000491e+00 -1.38375908e+00  5.10361888e+10 
 6.70000000e-01 -1.10456208e+00  4.74145835e-05  4.74145835e+07  2.45637513e+00  8.03208885e+00 -1.39332423e+00  5.15082089e+10 
 6.60000000e-01 -1.11398331e+00  4.84933724e-05  4.84933724e+07  2.42472420e+00  7.87397464e+00 -1.40288553e+00  5.19682176e+10 
 6.50000000e-01 -1.12339968e+00  4.95812133e-05  4.95812133e+07  2.39344559e+00  7.71583448e+00 -1.41244311e+00  5.24157851e+10 
 6.40000000e-01 -1.13281135e+00  5.06778250e-05  5.06778250e+07  2.36252671e+00  7.55783985e+00 -1.42199707e+00  5.28504893e+10 
 6.30000000e-01 -1.14221846e+00  5.17829183e-05  5.17829183e+07  2.33195563e+00  7.40016059e+00 -1.43154752e+00  5.32719165e+10 
 6.20000000e-01 -1.15162119e+00  5.28961966e-05  5.28961966e+07  2.30172112e+00  7.24296413e+00 -1.44109459e+00  5.36796614e+10 
 6.10000000e-01 -1.16101969e+00  5.40173562e-05  5.40173562e+07  2.27181254e+00  7.08641463e+00 -1.45063841e+00  5.40733285e+10 
 6.00000000e-01 -1.17041412e+00  5.51460861e-05  5.51460861e+07  2.24221989e+00  6.93067229e+00 -1.46017908e+00  5.44525315e+10 
 5.90000000e-01 -1.17980467e+00  5.62820686e-05  5.62820686e+07  2.21293371e+00  6.77589259e+00 -1.46971675e+00  5.48168949e+10 
 5.80000000e-01 -1.18919150e+00  5.74249796e-05  5.74249796e+07  2.18394507e+00  6.62222568e+00 -1.47925155e+00  5.51660538e+10 
 5.70000000e-01 -1.19857479e+00  5.85744882e-05  5.85744882e+07  2.15524559e+00  6.46981580e+00 -1.48878360e+00  5.54996548e+10 
 5.60000000e-01 -1.20795472e+00  5.97302579e-05  5.97302579e+07  2.12682732e+00  6.31880070e+00 -1.49831304e+00  5.58173560e+10 
 5.50000000e-01 -1.21733147e+00  6.08919463e-05  6.08919463e+07  2.09868282e+00  6.16931124e+00 -1.50784002e+00  5.61188279e+10 
 5.40000000e-01 -1.22670524e+00  6.20592052e-05  6.20592052e+07  2.07080507e+00  6.02147096e+00 -1.51736468e+00  5.64037536e+10 
 5.30000000e-01 -1.23607620e+00  6.32316815e-05  6.32316815e+07  2.04318744e+00  5.87539578e+00 -1.52688714e+00  5.66718291e+10 
 5.20000000e-01 -1.24544456e+00  6.44090173e-05  6.44090173e+07  2.01582374e+00  5.73119372e+00 -1.53640758e+00  5.69227641e+10 
 5.10000000e-01 -1.25481051e+00  6.55908497e-05  6.55908497e+07  1.98870811e+00  5.58896471e+00 -1.54592612e+00  5.71562818e+10 
 5.00000000e-01 -1.26417424e+00  6.67768118e-05  6.67768118e+07  1.96183506e+00  5.44880048e+00 -1.55544291e+00  5.73721193e+10 
 4.90000000e-01 -1.27353596e+00  6.79665329e-05  6.79665329e+07  1.93519944e+00  5.31078448e+00 -1.56495812e+00  5.75700285e+10 
 4.80000000e-01 -1.28289585e+00  6.91596384e-05  6.91596384e+07  1.90879639e+00  5.17499187e+00 -1.57447189e+00  5.77497755e+10 
 4.70000000e-01 -1.29225414e+00  7.03557506e-05  7.03557506e+07  1.88262138e+00  5.04148959e+00 -1.58398437e+00  5.79111413e+10 
 4.60000000e-01 -1.30161102e+00  7.15544890e-05  7.15544890e+07  1.85667014e+00  4.91033644e+00 -1.59349572e+00  5.80539219e+10 
 4.50000000e-01 -1.31096669e+00  7.27554704e-05  7.27554704e+07  1.83093866e+00  4.78158324e+00 -1.60300609e+00  5.81779285e+10 
 4.40000000e-01 -1.32032137e+00  7.39583096e-05  7.39583096e+07  1.80542321e+00  4.65527301e+00 -1.61251565e+00  5.82829877e+10 
 4.30000000e-01 -1.32967525e+00  7.51626192e-05  7.51626192e+07  1.78012027e+00  4.53144122e+00 -1.62202454e+00  5.83689414e+10 
 4.20000000e-01 -1.33902856e+00  7.63680109e-05  7.63680109e+07  1.75502654e+00  4.41011602e+00 -1.63153293e+00  5.84356468e+10 
 4.10000000e-01 -1.34838150e+00  7.75740948e-05  7.75740948e+07  1.73013895e+00  4.29131858e+00 -1.64104098e+00  5.84829769e+10 
 4.00000000e-01 -1.35773427e+00  7.87804807e-05  7.87804807e+07  1.70545461e+00  4.17506336e+00 -1.65054884e+00  5.85108201e+10 
 3.90000000e-01 -1.36708709e+00  7.99867776e-05  7.99867776e+07  1.68097081e+00  4.06135847e+00 -1.66005668e+00  5.85190806e+10 
 3.80000000e-01 -1.37644017e+00  8.11925949e-05  8.11925949e+07  1.65668503e+00  3.95020600e+00 -1.66956466e+00  5.85076777e+10 
 3.70000000e-01 -1.38579372e+00  8.23975422e-05  8.23975422e+07  1.63259491e+00  3.84160241e+00 -1.67907293e+00  5.84765466e+10 
 3.60000000e-01 -1.39514794e+00  8.36012298e-05  8.36012298e+07  1.60869822e+00  3.73553887e+00 -1.68858165e+00  5.84256379e+10 
 3.50000000e-01 -1.40450305e+00  8.48032692e-05  8.48032692e+07  1.58499289e+00  3.63200166e+00 -1.69809098e+00  5.83549174e+10 
 3.40000000e-01 -1.41385924e+00  8.60032733e-05  8.60032733e+07  1.56147699e+00  3.53097252e+00 -1.70760108e+00  5.82643664e+10 
 3.30000000e-01 -1.42321674e+00  8.72008568e-05  8.72008568e+07  1.53814870e+00  3.43242901e+00 -1.71711212e+00  5.81539815e+10 
 3.20000000e-01 -1.43257574e+00  8.83956364e-05  8.83956364e+07  1.51500632e+00  3.33634492e+00 -1.72662423e+00  5.80237746e+10 
 3.10000000e-01 -1.44193645e+00  8.95872316e-05  8.95872316e+07  1.49204827e+00  3.24269057e+00 -1.73613759e+00  5.78737726e+10 
 3.00000000e-01 -1.45129907e+00  9.07752644e-05  9.07752644e+07  1.46927306e+00  3.15143319e+00 -1.74565235e+00  5.77040177e+10 
 2.90000000e-01 -1.46066380e+00  9.19593600e-05  9.19593600e+07  1.44667929e+00  3.06253725e+00 -1.75516865e+00  5.75145672e+10 
 2.80000000e-01 -1.47003085e+00  9.31391473e-05  9.31391473e+07  1.42426566e+00  2.97596478e+00 -1.76468666e+00  5.73054936e+10 
 2.70000000e-01 -1.47940040e+00  9.43142586e-05  9.43142586e+07  1.40203096e+00  2.89167566e+00 -1.77420652e+00  5.70768846e+10 
 2.60000000e-01 -1.48877266e+00  9.54843305e-05  9.54843305e+07  1.37997404e+00  2.80962795e+00 -1.78372838e+00  5.68288433e+10 
 2.50000000e-01 -1.49814781e+00  9.66490040e-05  9.66490040e+07  1.35809383e+00  2.72977814e+00 -1.79325239e+00  5.65614881e+10 
 2.40000000e-01 -1.50752605e+00  9.78079244e-05  9.78079244e+07  1.33638934e+00  2.65208140e+00 -1.80277870e+00  5.62749533e+10 
 2.30000000e-01 -1.51690756e+00  9.89607424e-05  9.89607424e+07  1.31485962e+00  2.57649187e+00 -1.81230745e+00  5.59693890e+10 
 2.20000000e-01 -1.52629253e+00  1.00107113e-04  1.00107113e+08  1.29350379e+00  2.50296284e+00 -1.82183877e+00  5.56449615e+10 
 2.10000000e-01 -1.53568115e+00  1.01246699e-04  1.01246699e+08  1.27232104e+00  2.43144698e+00 -1.83137282e+00  5.53018537e+10 
 2.00000000e-01 -1.54507358e+00  1.02379165e-04  1.02379165e+08  1.25131060e+00  2.36189656e+00 -1.84090973e+00  5.49402656e+10 
 1.90000000e-01 -1.55447001e+00  1.03504184e-04  1.03504184e+08  1.23047174e+00  2.29426359e+00 -1.85044963e+00  5.45604149e+10 
 1.80000000e-01 -1.56387060e+00  1.04621436e-04  1.04621436e+08  1.20980380e+00  2.22850000e+00 -1.85999265e+00  5.41625374e+10 
 1.70000000e-01 -1.57327553e+00  1.05730605e-04  1.05730605e+08  1.18930615e+00  2.16455782e+00 -1.86953893e+00  5.37468874e+10 
 1.60000000e-01 -1.58268496e+00  1.06831383e-04  1.06831383e+08  1.16897819e+00  2.10238926e+00 -1.87908859e+00  5.33137392e+10 
 1.50000000e-01 -1.59209906e+00  1.07923468e-04  1.07923468e+08  1.14881938e+00  2.04194687e+00 -1.88864176e+00  5.28633868e+10 
 1.40000000e-01 -1.60151798e+00  1.09006566e-04  1.09006566e+08  1.12882920e+00  1.98318366e+00 -1.89819856e+00  5.23961456e+10 
 1.30000000e-01 -1.61094187e+00  1.10080389e-04  1.10080389e+08  1.10900719e+00  1.92605317e+00 -1.90775911e+00  5.19123522e+10 
 1.20000000e-01 -1.62037089e+00  1.11144657e-04  1.11144657e+08  1.08935288e+00  1.87050955e+00 -1.91732352e+00  5.14123661e+10 
 1.10000000e-01 -1.62980519e+00  1.12199096e-04  1.12199096e+08  1.06986588e+00  1.81650768e+00 -1.92689190e+00  5.08965695e+10 
 1.00000000e-01 -1.63924489e+00  1.13243441e-04  1.13243441e+08  1.05054578e+00  1.76400318e+00 -1.93646438e+00  5.03653684e+10 
 9.00000000e-02 -1.64869016e+00  1.14277435e-04  1.14277435e+08  1.03139224e+00  1.71295250e+00 -1.94604105e+00  4.98191931e+10 
 8.00000000e-02 -1.65814111e+00  1.15300826e-04  1.15300826e+08  1.01240492e+00  1.66331298e+00 -1.95562201e+00  4.92584980e+10 
 7.00000000e-02 -1.66759787e+00  1.16313374e-04  1.16313374e+08  9.93583514e-01  1.61504283e+00 -1.96520738e+00  4.86837623e+10 
 6.00000000e-02 -1.67706059e+00  1.17314843e-04  1.17314843e+08  9.74927736e-01  1.56810124e+00 -1.97479724e+00  4.80954895e+10 
 5.00000000e-02 -1.68652936e+00  1.18305008e-04  1.18305008e+08  9.56437320e-01  1.52244833e+00 -1.98439169e+00  4.74942074e+10 
 4.00000000e-02 -1.69600432e+00  1.19283650e-04  1.19283650e+08  9.38112024e-01  1.47804523e+00 -1.99399082e+00  4.68804669e+10 
 3.00000000e-02 -1.70548557e+00  1.20250560e-04  1.20250560e+08  9.19951621e-01  1.43485406e+00 -2.00359472e+00  4.62548416e+10 
 2.00000000e-02 -1.71497323e+00  1.21205536e-04  1.21205536e+08  9.01955902e-01  1.39283794e+00 -2.01320347e+00  4.56179263e+10 
 1.00000000e-02 -1.72446739e+00  1.22148385e-04  1.22148385e+08  8.84124673e-01  1.35196100e+00 -2.02281715e+00  4.49703349e+10 
-1.41900380e-15 -1.73396816e+00  1.23078921e-04  1.23078921e+08  8.66457755e-01  1.31218840e+00 -2.03243584e+00  4.43126994e+10 
