 v-sweep         vsg             id_abs          id_w            gm_id           gm_gds          vov             gm_cgg         
 1.80000000e+00  1.15544433e-07  2.15367069e-10  2.15367069e+02  2.63238106e+01  3.58990110e+01 -3.34594406e-01  5.34978262e+06 
 1.79000000e+00 -9.99984977e-03  2.80013618e-10  2.80013618e+02  2.61724638e+01  3.56967213e+01 -3.44594382e-01  6.93757748e+06 
 1.78000000e+00 -1.99998050e-02  3.63482468e-10  3.63482468e+02  2.60033288e+01  3.54713068e+01 -3.54594349e-01  8.97418950e+06 
 1.77000000e+00 -2.99997473e-02  4.70990132e-10  4.70990132e+02  2.58149640e+01  3.52210923e+01 -3.64594308e-01  1.15766039e+07 
 1.76000000e+00 -3.99996732e-02  6.09084536e-10  6.09084536e+02  2.56059853e+01  3.49445456e+01 -3.74594255e-01  1.48881571e+07 
 1.75000000e+00 -4.99995783e-02  7.85938146e-10  7.85938146e+02  2.53751209e+01  3.46403626e+01 -3.84594186e-01  1.90828479e+07 
 1.74000000e+00 -5.99994572e-02  1.01168803e-09  1.01168803e+03  2.51212738e+01  3.43075639e+01 -3.94594099e-01  2.43697660e+07 
 1.73000000e+00 -6.99993032e-02  1.29882446e-09  1.29882446e+03  2.48435941e+01  3.39456028e+01 -4.04593989e-01  3.09974222e+07 
 1.72000000e+00 -7.99991080e-02  1.66262775e-09  1.66262775e+03  2.45415551e+01  3.35544790e+01 -4.14593848e-01  3.92577193e+07 
 1.71000000e+00 -8.99988617e-02  2.12165107e-09  2.12165107e+03  2.42150305e+01  3.31348522e+01 -4.24593671e-01  4.94892676e+07 
 1.70000000e+00 -9.99985524e-02  2.69824486e-09  2.69824486e+03  2.38643681e+01  3.26881460e+01 -4.34593449e-01  6.20797542e+07 
 1.69000000e+00 -1.09998166e-01  3.41911680e-09  3.41911680e+03  2.34904506e+01  3.22166345e+01 -4.44593171e-01  7.74671277e+07 
 1.68000000e+00 -1.19997685e-01  4.31592078e-09  4.31592078e+03  2.30947380e+01  3.17234968e+01 -4.54592825e-01  9.61394646e+07 
 1.67000000e+00 -1.29997089e-01  5.42586918e-09  5.42586918e+03  2.26792834e+01  3.12128328e+01 -4.64592397e-01  1.18633539e+08 
 1.66000000e+00 -1.39996356e-01  6.79236511e-09  6.79236511e+03  2.22467139e+01  3.06896277e+01 -4.74591870e-01  1.45532302e+08 
 1.65000000e+00 -1.49995458e-01  8.46565639e-09  8.46565639e+03  2.18001743e+01  3.01596627e+01 -4.84591224e-01  1.77461634e+08 
 1.64000000e+00 -1.59994365e-01  1.05035185e-08  1.05035185e+04  2.13432306e+01  2.96293679e+01 -4.94590438e-01  2.15086855e+08 
 1.63000000e+00 -1.69993041e-01  1.29719814e-08  1.29719814e+04  2.08797370e+01  2.91056256e+01 -5.04589486e-01  2.59109433e+08 
 1.62000000e+00 -1.79991445e-01  1.59461187e-08  1.59461187e+04  2.04136722e+01  2.85955308e+01 -5.14588339e-01  3.10264160e+08 
 1.61000000e+00 -1.89989532e-01  1.95109247e-08  1.95109247e+04  1.99489580e+01  2.81061267e+01 -5.24586964e-01  3.69316713e+08 
 1.60000000e+00 -1.99987252e-01  2.37622986e-08  2.37622986e+04  1.94892716e+01  2.76441312e+01 -5.34585324e-01  4.37061034e+08 
 1.59000000e+00 -2.09984544e-01  2.88081526e-08  2.88081526e+04  1.90378682e+01  2.72156729e+01 -5.44583378e-01  5.14315400e+08 
 1.58000000e+00 -2.19981346e-01  3.47696449e-08  3.47696449e+04  1.85974276e+01  2.68260542e+01 -5.54581079e-01  6.01915601e+08 
 1.57000000e+00 -2.29977584e-01  4.17825209e-08  4.17825209e+04  1.81699372e+01  2.64795543e+01 -5.64578374e-01  7.00703300e+08 
 1.56000000e+00 -2.39973176e-01  4.99985199e-08  4.99985199e+04  1.77566205e+01  2.61792804e+01 -5.74575205e-01  8.11507644e+08 
 1.55000000e+00 -2.49968032e-01  5.95867812e-08  5.95867812e+04  1.73579156e+01  2.59270730e+01 -5.84571507e-01  9.35118537e+08 
 1.54000000e+00 -2.59962051e-01  7.07351545e-08  7.07351545e+04  1.69735043e+01  2.57234648e+01 -5.94567207e-01  1.07225076e+09 
 1.53000000e+00 -2.69955121e-01  8.36512974e-08  8.36512974e+04  1.66023891e+01  2.55676923e+01 -6.04562225e-01  1.22349929e+09 
 1.52000000e+00 -2.79947121e-01  9.85634268e-08  9.85634268e+04  1.62430105e+01  2.54577568e+01 -6.14556473e-01  1.38928770e+09 
 1.51000000e+00 -2.89937916e-01  1.15720587e-07  1.15720587e+05  1.58933964e+01  2.53905294e+01 -6.24549856e-01  1.56981312e+09 
 1.50000000e+00 -2.99927362e-01  1.35392306e-07  1.35392306e+05  1.55513303e+01  2.53618970e+01 -6.34542268e-01  1.76499287e+09 
 1.49000000e+00 -3.09915304e-01  1.57867532e-07  1.57867532e+05  1.52145271e+01  2.53669421e+01 -6.44533599e-01  1.97441925e+09 
 1.48000000e+00 -3.19901578e-01  1.83452799e-07  1.83452799e+05  1.48808014e+01  2.54001502e+01 -6.54523731e-01  2.19732907e+09 
 1.47000000e+00 -3.29886010e-01  2.12469598e-07  2.12469598e+05  1.45482179e+01  2.54556358e+01 -6.64512539e-01  2.43259443e+09 
 1.46000000e+00 -3.39868423e-01  2.45251038e-07  2.45251038e+05  1.42152103e+01  2.55273759e+01 -6.74499895e-01  2.67873933e+09 
 1.45000000e+00 -3.49848633e-01  2.82137900e-07  2.82137900e+05  1.38806636e+01  2.56094393e+01 -6.84485667e-01  2.93398395e+09 
 1.44000000e+00 -3.59826456e-01  3.23474286e-07  3.23474286e+05  1.35439549e+01  2.56961980e+01 -6.94469723e-01  3.19631527e+09 
 1.43000000e+00 -3.69801708e-01  3.69603092e-07  3.69603092e+05  1.32049530e+01  2.57825091e+01 -7.04451930e-01  3.46357878e+09 
 1.42000000e+00 -3.79774208e-01  4.20861541e-07  4.20861541e+05  1.28639821e+01  2.58638577e+01 -7.14432159e-01  3.73358345e+09 
 1.41000000e+00 -3.89743780e-01  4.77577047e-07  4.77577047e+05  1.25217568e+01  2.59364544e+01 -7.24410282e-01  4.00420996e+09 
 1.40000000e+00 -3.99710256e-01  5.40063591e-07  5.40063591e+05  1.21792975e+01  2.59972844e+01 -7.34386179e-01  4.27351206e+09 
 1.39000000e+00 -4.09673476e-01  6.08618797e-07  6.08618797e+05  1.18378379e+01  2.60441127e+01 -7.44359736e-01  4.53980204e+09 
 1.38000000e+00 -4.19633291e-01  6.83521789e-07  6.83521789e+05  1.14987309e+01  2.60754482e+01 -7.54330843e-01  4.80171384e+09 
 1.37000000e+00 -4.29589560e-01  7.65031869e-07  7.65031869e+05  1.11633635e+01  2.60904776e+01 -7.64299401e-01  5.05824023e+09 
 1.36000000e+00 -4.39542157e-01  8.53387990e-07  8.53387990e+05  1.08330832e+01  2.60889767e+01 -7.74265318e-01  5.30874395e+09 
 1.35000000e+00 -4.49490964e-01  9.48808932e-07  9.48808932e+05  1.05091404e+01  2.60712096e+01 -7.84228510e-01  5.55294523e+09 
 1.34000000e+00 -4.59435873e-01  1.05149409e-06  1.05149409e+06  1.01926472e+01  2.60378241e+01 -7.94188899e-01  5.79089039e+09 
 1.33000000e+00 -4.69376788e-01  1.16162471e-06  1.16162471e+06  9.88455118e+00  2.59897504e+01 -8.04146415e-01  6.02290680e+09 
 1.32000000e+00 -4.79313620e-01  1.27936550e-06  1.27936550e+06  9.58562311e+00  2.59281081e+01 -8.14100994e-01  6.24955018e+09 
 1.31000000e+00 -4.89246289e-01  1.40486639e-06  1.40486639e+06  9.29645586e+00  2.58541248e+01 -8.24052579e-01  6.47154915e+09 
 1.30000000e+00 -4.99174721e-01  1.53826444e-06  1.53826444e+06  9.01747144e+00  2.57690684e+01 -8.34001117e-01  6.68975151e+09 
 1.29000000e+00 -5.09098849e-01  1.67968568e-06  1.67968568e+06  8.74893412e+00  2.56741928e+01 -8.43946558e-01  6.90507511e+09 
 1.28000000e+00 -5.19018609e-01  1.82924695e-06  1.82924695e+06  8.49096719e+00  2.55706968e+01 -8.53888858e-01  7.11846536e+09 
 1.27000000e+00 -5.28933944e-01  1.98705754e-06  1.98705754e+06  8.24357161e+00  2.54596944e+01 -8.63827974e-01  7.33086028e+09 
 1.26000000e+00 -5.38844797e-01  2.15322072e-06  2.15322072e+06  8.00664501e+00  2.53421960e+01 -8.73763866e-01  7.54316319e+09 
 1.25000000e+00 -5.48751116e-01  2.32783506e-06  2.32783506e+06  7.78000018e+00  2.52190966e+01 -8.83696495e-01  7.75622258e+09 
 1.24000000e+00 -5.58652851e-01  2.51099554e-06  2.51099554e+06  7.56338228e+00  2.50911721e+01 -8.93625826e-01  7.97081848e+09 
 1.23000000e+00 -5.68549951e-01  2.70279455e-06  2.70279455e+06  7.35648437e+00  2.49590794e+01 -9.03551822e-01  8.18765412e+09 
 1.22000000e+00 -5.78442367e-01  2.90332261e-06  2.90332261e+06  7.15896103e+00  2.48233612e+01 -9.13474447e-01  8.40735213e+09 
 1.21000000e+00 -5.88330053e-01  3.11266903e-06  3.11266903e+06  6.97044016e+00  2.46844530e+01 -9.23393667e-01  8.63045408e+09 
 1.20000000e+00 -5.98212960e-01  3.33092234e-06  3.33092234e+06  6.79053288e+00  2.45426912e+01 -9.33309448e-01  8.85742257e+09 
 1.19000000e+00 -6.08091041e-01  3.55817066e-06  3.55817066e+06  6.61884169e+00  2.43983229e+01 -9.43221755e-01  9.08864506e+09 
 1.18000000e+00 -6.17964250e-01  3.79450187e-06  3.79450187e+06  6.45496714e+00  2.42515158e+01 -9.53130554e-01  9.32443894e+09 
 1.17000000e+00 -6.27832538e-01  4.04000381e-06  4.04000381e+06  6.29851313e+00  2.41023676e+01 -9.63035811e-01  9.56505715e+09 
 1.16000000e+00 -6.37695859e-01  4.29476429e-06  4.29476429e+06  6.14909099e+00  2.39509160e+01 -9.72937492e-01  9.81069414e+09 
 1.15000000e+00 -6.47554166e-01  4.55887105e-06  4.55887105e+06  6.00632264e+00  2.37971472e+01 -9.82835561e-01  1.00614918e+10 
 1.14000000e+00 -6.57407411e-01  4.83241176e-06  4.83241176e+06  5.86984280e+00  2.36410045e+01 -9.92729985e-01  1.03175453e+10 
 1.13000000e+00 -6.67255548e-01  5.11547383e-06  5.11547383e+06  5.73930065e+00  2.34823956e+01 -1.00262073e+00  1.05789083e+10 
 1.12000000e+00 -6.77098531e-01  5.40814429e-06  5.40814429e+06  5.61436082e+00  2.33212002e+01 -1.01250776e+00  1.08455982e+10 
 1.11000000e+00 -6.86936312e-01  5.71050962e-06  5.71050962e+06  5.49470397e+00  2.31572757e+01 -1.02239105e+00  1.11176004e+10 
 1.10000000e+00 -6.96768845e-01  6.02265555e-06  6.02265555e+06  5.38002704e+00  2.29904631e+01 -1.03227055e+00  1.13948727e+10 
 1.09000000e+00 -7.06596086e-01  6.34466683e-06  6.34466683e+06  5.27004317e+00  2.28205921e+01 -1.04214624e+00  1.16773489e+10 
 1.08000000e+00 -7.16417990e-01  6.67662700e-06  6.67662700e+06  5.16448147e+00  2.26474856e+01 -1.05201809e+00  1.19649417e+10 
 1.07000000e+00 -7.26234511e-01  7.01861818e-06  7.01861818e+06  5.06308657e+00  2.24709636e+01 -1.06188605e+00  1.22575457e+10 
 1.06000000e+00 -7.36045608e-01  7.37072081e-06  7.37072081e+06  4.96561811e+00  2.22908468e+01 -1.07175010e+00  1.25550401e+10 
 1.05000000e+00 -7.45851238e-01  7.73301341e-06  7.73301341e+06  4.87185010e+00  2.21069602e+01 -1.08161022e+00  1.28572901e+10 
 1.04000000e+00 -7.55651360e-01  8.10557235e-06  8.10557235e+06  4.78157030e+00  2.19191349e+01 -1.09146636e+00  1.31641492e+10 
 1.03000000e+00 -7.65445935e-01  8.48847158e-06  8.48847158e+06  4.69457950e+00  2.17272119e+01 -1.10131850e+00  1.34754608e+10 
 1.02000000e+00 -7.75234924e-01  8.88178241e-06  8.88178241e+06  4.61069081e+00  2.15310431e+01 -1.11116661e+00  1.37910590e+10 
 1.01000000e+00 -7.85018290e-01  9.28557326e-06  9.28557326e+06  4.52972901e+00  2.13304942e+01 -1.12101067e+00  1.41107698e+10 
 1.00000000e+00 -7.94795999e-01  9.69990941e-06  9.69990941e+06  4.45152980e+00  2.11254459e+01 -1.13085064e+00  1.44344122e+10 
 9.90000000e-01 -8.04568016e-01  1.01248528e-05  1.01248528e+07  4.37593919e+00  2.09157955e+01 -1.14068651e+00  1.47617988e+10 
 9.80000000e-01 -8.14334312e-01  1.05604618e-05  1.05604618e+07  4.30281281e+00  2.07014584e+01 -1.15051824e+00  1.50927362e+10 
 9.70000000e-01 -8.24094857e-01  1.10067908e-05  1.10067908e+07  4.23201533e+00  2.04823691e+01 -1.16034583e+00  1.54270258e+10 
 9.60000000e-01 -8.33849623e-01  1.14638903e-05  1.14638903e+07  4.16341986e+00  2.02584825e+01 -1.17016924e+00  1.57644640e+10 
 9.50000000e-01 -8.43598586e-01  1.19318066e-05  1.19318066e+07  4.09690739e+00  2.00297742e+01 -1.17998846e+00  1.61048425e+10 
 9.40000000e-01 -8.53341723e-01  1.24105812e-05  1.24105812e+07  4.03236627e+00  1.97962415e+01 -1.18980348e+00  1.64479484e+10 
 9.30000000e-01 -8.63079015e-01  1.29002512e-05  1.29002512e+07  3.96969174e+00  1.95579040e+01 -1.19961427e+00  1.67935648e+10 
 9.20000000e-01 -8.72810445e-01  1.34008486e-05  1.34008486e+07  3.90878545e+00  1.93148036e+01 -1.20942083e+00  1.71414705e+10 
 9.10000000e-01 -8.82535997e-01  1.39124004e-05  1.39124004e+07  3.84955502e+00  1.90670052e+01 -1.21922314e+00  1.74914404e+10 
 9.00000000e-01 -8.92255661e-01  1.44349283e-05  1.44349283e+07  3.79191367e+00  1.88145961e+01 -1.22902119e+00  1.78432453e+10 
 8.90000000e-01 -9.01969428e-01  1.49684483e-05  1.49684483e+07  3.73577984e+00  1.85576866e+01 -1.23881498e+00  1.81966523e+10 
 8.80000000e-01 -9.11677291e-01  1.55129708e-05  1.55129708e+07  3.68107679e+00  1.82964092e+01 -1.24860450e+00  1.85514246e+10 
 8.70000000e-01 -9.21379250e-01  1.60685003e-05  1.60685003e+07  3.62773236e+00  1.80309182e+01 -1.25838975e+00  1.89073217e+10 
 8.60000000e-01 -9.31075304e-01  1.66350353e-05  1.66350353e+07  3.57567862e+00  1.77613897e+01 -1.26817073e+00  1.92640994e+10 
 8.50000000e-01 -9.40765457e-01  1.72125679e-05  1.72125679e+07  3.52485158e+00  1.74880201e+01 -1.27794744e+00  1.96215096e+10 
 8.40000000e-01 -9.50449718e-01  1.78010840e-05  1.78010840e+07  3.47519097e+00  1.72110256e+01 -1.28771988e+00  1.99793008e+10 
 8.30000000e-01 -9.60128098e-01  1.84005625e-05  1.84005625e+07  3.42663998e+00  1.69306413e+01 -1.29748806e+00  2.03372179e+10 
 8.20000000e-01 -9.69800611e-01  1.90109760e-05  1.90109760e+07  3.37914504e+00  1.66471198e+01 -1.30725200e+00  2.06950023e+10 
 8.10000000e-01 -9.79467276e-01  1.96322899e-05  1.96322899e+07  3.33265560e+00  1.63607300e+01 -1.31701170e+00  2.10523919e+10 
 8.00000000e-01 -9.89128116e-01  2.02644627e-05  2.02644627e+07  3.28712397e+00  1.60717556e+01 -1.32676718e+00  2.14091214e+10 
 7.90000000e-01 -9.98783155e-01  2.09074457e-05  2.09074457e+07  3.24250512e+00  1.57804938e+01 -1.33651845e+00  2.17649221e+10 
 7.80000000e-01 -1.00843243e+00  2.15611828e-05  2.15611828e+07  3.19875651e+00  1.54872534e+01 -1.34626554e+00  2.21195226e+10 
 7.70000000e-01 -1.01807596e+00  2.22256106e-05  2.22256106e+07  3.15583797e+00  1.51923534e+01 -1.35600847e+00  2.24726482e+10 
 7.60000000e-01 -1.02771380e+00  2.29006579e-05  2.29006579e+07  3.11371153e+00  1.48961209e+01 -1.36574727e+00  2.28240216e+10 
 7.50000000e-01 -1.03734598e+00  2.35862461e-05  2.35862461e+07  3.07234128e+00  1.45988897e+01 -1.37548196e+00  2.31733630e+10 
 7.40000000e-01 -1.04697255e+00  2.42822889e-05  2.42822889e+07  3.03169330e+00  1.43009980e+01 -1.38521259e+00  2.35203901e+10 
 7.30000000e-01 -1.05659357e+00  2.49886918e-05  2.49886918e+07  2.99173548e+00  1.40027869e+01 -1.39493917e+00  2.38648186e+10 
 7.20000000e-01 -1.06620908e+00  2.57053527e-05  2.57053527e+07  2.95243747e+00  1.37045985e+01 -1.40466176e+00  2.42063623e+10 
 7.10000000e-01 -1.07581915e+00  2.64321614e-05  2.64321614e+07  2.91377056e+00  1.34067738e+01 -1.41438039e+00  2.45447331e+10 
 7.00000000e-01 -1.08542383e+00  2.71689998e-05  2.71689998e+07  2.87570757e+00  1.31096512e+01 -1.42409511e+00  2.48796420e+10 
 6.90000000e-01 -1.09502320e+00  2.79157415e-05  2.79157415e+07  2.83822281e+00  1.28135646e+01 -1.43380597e+00  2.52107986e+10 
 6.80000000e-01 -1.10461734e+00  2.86722522e-05  2.86722522e+07  2.80129196e+00  1.25188419e+01 -1.44351301e+00  2.55379119e+10 
 6.70000000e-01 -1.11420630e+00  2.94383895e-05  2.94383895e+07  2.76489201e+00  1.22258031e+01 -1.45321629e+00  2.58606906e+10 
 6.60000000e-01 -1.12379019e+00  3.02140027e-05  3.02140027e+07  2.72900120e+00  1.19347593e+01 -1.46291587e+00  2.61788433e+10 
 6.50000000e-01 -1.13336907e+00  3.09989330e-05  3.09989330e+07  2.69359895e+00  1.16460107e+01 -1.47261181e+00  2.64920789e+10 
 6.40000000e-01 -1.14294305e+00  3.17930137e-05  3.17930137e+07  2.65866580e+00  1.13598460e+01 -1.48230417e+00  2.68001070e+10 
 6.30000000e-01 -1.15251221e+00  3.25960699e-05  3.25960699e+07  2.62418334e+00  1.10765407e+01 -1.49199302e+00  2.71026383e+10 
 6.20000000e-01 -1.16207665e+00  3.34079186e-05  3.34079186e+07  2.59013417e+00  1.07963567e+01 -1.50167843e+00  2.73993851e+10 
 6.10000000e-01 -1.17163648e+00  3.42283691e-05  3.42283691e+07  2.55650187e+00  1.05195408e+01 -1.51136046e+00  2.76900615e+10 
 6.00000000e-01 -1.18119180e+00  3.50572226e-05  3.50572226e+07  2.52327090e+00  1.02463244e+01 -1.52103921e+00  2.79743840e+10 
 5.90000000e-01 -1.19074272e+00  3.58942726e-05  3.58942726e+07  2.49042661e+00  9.97692301e+00 -1.53071474e+00  2.82520718e+10 
 5.80000000e-01 -1.20028936e+00  3.67393050e-05  3.67393050e+07  2.45795515e+00  9.71153535e+00 -1.54038713e+00  2.85228473e+10 
 5.70000000e-01 -1.20983184e+00  3.75920980e-05  3.75920980e+07  2.42584347e+00  9.45034352e+00 -1.55005648e+00  2.87864366e+10 
 5.60000000e-01 -1.21937028e+00  3.84524225e-05  3.84524225e+07  2.39407927e+00  9.19351259e+00 -1.55972287e+00  2.90425698e+10 
 5.50000000e-01 -1.22890480e+00  3.93200420e-05  3.93200420e+07  2.36265095e+00  8.94119063e+00 -1.56938640e+00  2.92909812e+10 
 5.40000000e-01 -1.23843554e+00  4.01947130e-05  4.01947130e+07  2.33154758e+00  8.69350877e+00 -1.57904714e+00  2.95314105e+10 
 5.30000000e-01 -1.24796263e+00  4.10761850e-05  4.10761850e+07  2.30075889e+00  8.45058137e+00 -1.58870521e+00  2.97636024e+10 
 5.20000000e-01 -1.25748621e+00  4.19642008e-05  4.19642008e+07  2.27027520e+00  8.21250636e+00 -1.59836069e+00  2.99873072e+10 
 5.10000000e-01 -1.26700642e+00  4.28584966e-05  4.28584966e+07  2.24008742e+00  7.97936556e+00 -1.60801370e+00  3.02022817e+10 
 5.00000000e-01 -1.27652340e+00  4.37588023e-05  4.37588023e+07  2.21018702e+00  7.75122521e+00 -1.61766433e+00  3.04082889e+10 
 4.90000000e-01 -1.28603731e+00  4.46648416e-05  4.46648416e+07  2.18056600e+00  7.52813643e+00 -1.62731270e+00  3.06050990e+10 
 4.80000000e-01 -1.29554830e+00  4.55763326e-05  4.55763326e+07  2.15121683e+00  7.31013591e+00 -1.63695890e+00  3.07924891e+10 
 4.70000000e-01 -1.30505651e+00  4.64929875e-05  4.64929875e+07  2.12213248e+00  7.09724647e+00 -1.64660306e+00  3.09702443e+10 
 4.60000000e-01 -1.31456211e+00  4.74145132e-05  4.74145132e+07  2.09330636e+00  6.88947784e+00 -1.65624528e+00  3.11381574e+10 
 4.50000000e-01 -1.32406526e+00  4.83406117e-05  4.83406117e+07  2.06473231e+00  6.68682735e+00 -1.66588568e+00  3.12960296e+10 
 4.40000000e-01 -1.33356612e+00  4.92709800e-05  4.92709800e+07  2.03640457e+00  6.48928067e+00 -1.67552437e+00  3.14436706e+10 
 4.30000000e-01 -1.34306485e+00  5.02053107e-05  5.02053107e+07  2.00831776e+00  6.29681264e+00 -1.68516148e+00  3.15808991e+10 
 4.20000000e-01 -1.35256162e+00  5.11432922e-05  5.11432922e+07  1.98046686e+00  6.10938801e+00 -1.69479713e+00  3.17075426e+10 
 4.10000000e-01 -1.36205661e+00  5.20846089e-05  5.20846089e+07  1.95284720e+00  5.92696221e+00 -1.70443143e+00  3.18234383e+10 
 4.00000000e-01 -1.37154997e+00  5.30289418e-05  5.30289418e+07  1.92545442e+00  5.74948218e+00 -1.71406452e+00  3.19284327e+10 
 3.90000000e-01 -1.38104189e+00  5.39759684e-05  5.39759684e+07  1.89828448e+00  5.57688711e+00 -1.72369651e+00  3.20223822e+10 
 3.80000000e-01 -1.39053254e+00  5.49253635e-05  5.49253635e+07  1.87133360e+00  5.40910919e+00 -1.73332753e+00  3.21051531e+10 
 3.70000000e-01 -1.40002210e+00  5.58767991e-05  5.58767991e+07  1.84459831e+00  5.24607437e+00 -1.74295771e+00  3.21766217e+10 
 3.60000000e-01 -1.40951073e+00  5.68299450e-05  5.68299450e+07  1.81807535e+00  5.08770303e+00 -1.75258718e+00  3.22366746e+10 
 3.50000000e-01 -1.41899863e+00  5.77844691e-05  5.77844691e+07  1.79176172e+00  4.93391069e+00 -1.76221607e+00  3.22852086e+10 
 3.40000000e-01 -1.42848597e+00  5.87400376e-05  5.87400376e+07  1.76565464e+00  4.78460867e+00 -1.77184450e+00  3.23221311e+10 
 3.30000000e-01 -1.43797293e+00  5.96963155e-05  5.96963155e+07  1.73975154e+00  4.63970469e+00 -1.78147261e+00  3.23473599e+10 
 3.20000000e-01 -1.44745968e+00  6.06529668e-05  6.06529668e+07  1.71405004e+00  4.49910346e+00 -1.79110053e+00  3.23608232e+10 
 3.10000000e-01 -1.45694642e+00  6.16096550e-05  6.16096550e+07  1.68854795e+00  4.36270725e+00 -1.80072838e+00  3.23624599e+10 
 3.00000000e-01 -1.46643332e+00  6.25660432e-05  6.25660432e+07  1.66324324e+00  4.23041639e+00 -1.81035630e+00  3.23522197e+10 
 2.90000000e-01 -1.47592056e+00  6.35217950e-05  6.35217950e+07  1.63813406e+00  4.10212977e+00 -1.81998442e+00  3.23300625e+10 
 2.80000000e-01 -1.48540832e+00  6.44765738e-05  6.44765738e+07  1.61321868e+00  3.97774528e+00 -1.82961288e+00  3.22959593e+10 
 2.70000000e-01 -1.49489678e+00  6.54300442e-05  6.54300442e+07  1.58849553e+00  3.85716021e+00 -1.83924179e+00  3.22498915e+10 
 2.60000000e-01 -1.50438613e+00  6.63818718e-05  6.63818718e+07  1.56396317e+00  3.74027165e+00 -1.84887130e+00  3.21918511e+10 
 2.50000000e-01 -1.51387653e+00  6.73317234e-05  6.73317234e+07  1.53962027e+00  3.62697683e+00 -1.85850153e+00  3.21218410e+10 
 2.40000000e-01 -1.52336817e+00  6.82792678e-05  6.82792678e+07  1.51546561e+00  3.51717343e+00 -1.86813261e+00  3.20398743e+10 
 2.30000000e-01 -1.53286123e+00  6.92241756e-05  6.92241756e+07  1.49149808e+00  3.41075986e+00 -1.87776467e+00  3.19459753e+10 
 2.20000000e-01 -1.54235588e+00  7.01661199e-05  7.01661199e+07  1.46771668e+00  3.30763552e+00 -1.88739784e+00  3.18401784e+10 
 2.10000000e-01 -1.55185229e+00  7.11047763e-05  7.11047763e+07  1.44412046e+00  3.20770102e+00 -1.89703224e+00  3.17225291e+10 
 2.00000000e-01 -1.56135063e+00  7.20398235e-05  7.20398235e+07  1.42070860e+00  3.11085841e+00 -1.90666800e+00  3.15930833e+10 
 1.90000000e-01 -1.57085109e+00  7.29709431e-05  7.29709431e+07  1.39748033e+00  3.01701130e+00 -1.91630525e+00  3.14519079e+10 
 1.80000000e-01 -1.58035382e+00  7.38978207e-05  7.38978207e+07  1.37443495e+00  2.92606504e+00 -1.92594411e+00  3.12990805e+10 
 1.70000000e-01 -1.58985899e+00  7.48201452e-05  7.48201452e+07  1.35157185e+00  2.83792686e+00 -1.93558469e+00  3.11346896e+10 
 1.60000000e-01 -1.59936677e+00  7.57376097e-05  7.57376097e+07  1.32889047e+00  2.75250597e+00 -1.94522713e+00  3.09588347e+10 
 1.50000000e-01 -1.60887732e+00  7.66499116e-05  7.66499116e+07  1.30639029e+00  2.66971364e+00 -1.95487153e+00  3.07716266e+10 
 1.40000000e-01 -1.61839080e+00  7.75567528e-05  7.75567528e+07  1.28407087e+00  2.58946329e+00 -1.96451802e+00  3.05731873e+10 
 1.30000000e-01 -1.62790737e+00  7.84578401e-05  7.84578401e+07  1.26193180e+00  2.51167051e+00 -1.97416672e+00  3.03636504e+10 
 1.20000000e-01 -1.63742718e+00  7.93528851e-05  7.93528851e+07  1.23997274e+00  2.43625318e+00 -1.98381772e+00  3.01431611e+10 
 1.10000000e-01 -1.64695038e+00  8.02416048e-05  8.02416048e+07  1.21819338e+00  2.36313140e+00 -1.99347116e+00  2.99118768e+10 
 1.00000000e-01 -1.65647712e+00  8.11237214e-05  8.11237214e+07  1.19659344e+00  2.29222760e+00 -2.00312712e+00  2.96699667e+10 
 9.00000000e-02 -1.66600756e+00  8.19989628e-05  8.19989628e+07  1.17517268e+00  2.22346646e+00 -2.01278573e+00  2.94176129e+10 
 8.00000000e-02 -1.67554182e+00  8.28670630e-05  8.28670630e+07  1.15393092e+00  2.15677500e+00 -2.02244709e+00  2.91550099e+10 
 7.00000000e-02 -1.68508006e+00  8.37277616e-05  8.37277616e+07  1.13286798e+00  2.09208250e+00 -2.03211129e+00  2.88823655e+10 
 6.00000000e-02 -1.69462240e+00  8.45808046e-05  8.45808046e+07  1.11198373e+00  2.02932049e+00 -2.04177845e+00  2.85999004e+10 
 5.00000000e-02 -1.70416898e+00  8.54259442e-05  8.54259442e+07  1.09127806e+00  1.96842277e+00 -2.05144865e+00  2.83078489e+10 
 4.00000000e-02 -1.71371993e+00  8.62629393e-05  8.62629393e+07  1.07075088e+00  1.90932531e+00 -2.06112199e+00  2.80064590e+10 
 3.00000000e-02 -1.72327538e+00  8.70915552e-05  8.70915552e+07  1.05040213e+00  1.85196629e+00 -2.07079857e+00  2.76959924e+10 
 2.00000000e-02 -1.73283545e+00  8.79115641e-05  8.79115641e+07  1.03023177e+00  1.79628599e+00 -2.08047847e+00  2.73767246e+10 
 1.00000000e-02 -1.74240025e+00  8.87227450e-05  8.87227450e+07  1.01023978e+00  1.74222680e+00 -2.09016179e+00  2.70489447e+10 
-1.41900380e-15 -1.75196990e+00  8.95248840e-05  8.95248840e+07  9.90426153e-01  1.68973314e+00 -2.09984860e+00  2.67129555e+10 
